longitude	latitude	depth	Scaled Size
77.0077	36.2981	10	0.2
96.6471	25.5222	10	0.2
81.7783	33.5237	10	0.2
81.8122	33.477	10	0.2
81.7676	33.5041	10	0.2
81.7143	33.5376	10	0.2
81.8672	33.5479	10	0.2
81.7768	33.5063	10	0.2
81.877	33.5976	10	0.2
97.6436	39.4937	10	0.2
76.7968	33.1425	9.571	0.2
90.8993	38.4599	10	0.2
70.8647	39.0066	10	0.2
88.7536	32.6024	13.465	0.2
71.1603	36.247	108.477	0.2
71.0262	36.6164	220.213	0.2
91.5562	35.9944	10	0.2
71.8016	39.3099	10	0.2
86.3532	34.1004	10	0.2
97.3348	38.5543	10	0.2
70.21	36.2706	133.299	0.2
92.8542	33.3794	10	0.2
93.0234	33.4841	10	0.2
98.1587	38.9587	10	0.2
68.4098	36.591	10	0.2
74.8029	35.4886	10	0.2
71.4614	36.2635	114.88	0.2
69.9671	36.2865	144.214	0.2
69.5411	36.4011	10	0.2
97.0732	36.9825	10	0.2
97.0602	36.9455	10	0.2
71.6036	37.3261	121.561	0.2
69.9173	36.9968	10	0.2
71.4376	36.6249	134.748	0.2
85.799	27.727	22.322	0.2
96.5235	25.0911	10	0.2
76.7782	34.7111	34.705	0.2
77.8492	39.9543	10	0.2
76.6962	33.1609	10	0.2
76.8401	33.1836	10	0.2
76.3623	36.2885	10	0.2
70.6032	36.397	152.821	0.2
97.2918	39.2538	10	0.2
95.5436	25.0005	166.34	0.2
95.4219	25.1849	10	0.2
87.7852	28.6795	74.708	0.2
71.8084	38.867	10	0.2
71.8083	38.8437	10	0.2
96.995	27.257	10	0.2
71.312	36.4517	119.705	0.2
72.2855	38.5216	25.58	0.2
68.8146	38.6641	10	0.2
69.1197	38.4876	10	0.2
82.0652	28.8564	10	0.2
75.2646	38.8	10	0.2
73.9605	37.6155	10	0.2
74.6137	37.1972	10	0.2
83.6482	36.5329	10	0.2
95.5087	26.2481	79.962	0.2
68.5074	36.6873	18.499	0.2
83.6881	36.519	10	0.2
87.4234	33.5193	12.287	0.2
97.2985	39.2853	10	0.2
88.1062	31.607	10	0.2
91.1286	33.5562	10	0.2
97.2486	39.3155	10	0.2
84.7252	27.8879	25.706	0.2
73.9128	37.7962	10	0.2
68.7405	36.0303	10	0.2
68.7756	36.0555	10	0.2
81.1801	29.5869	10	0.2
81.2055	29.5133	10	0.2
71.8269	38.8846	8.506	0.2
81.257	29.5637	10	0.2
81.2051	29.2397	10	0.2
81.2188	29.459	10	0.2
71.6977	38.7862	13.494	0.2
90.5798	25.9206	10	0.2
73.0686	37.4019	54.312	0.2
71.7603	38.8027	11.548	0.2
94.829	30.4554	10	0.2
94.8244	30.3347	34.851	0.2
70.444	36.4881	203.373	0.2
73.0729	38.0851	50.206	0.2
69.5179	34.6691	14.895	0.2
70.3356	36.4901	202.515	0.2
81.5254	34.4965	10	0.2
94.8494	30.3642	31.914	0.2
77.6881	39.7778	10	0.2
94.9315	30.2806	10	0.2
92.845	26.3499	35	0.2
94.7507	30.3522	10	0.2
70.8513	36.2782	101.283	0.2
78.602	32.5435	14.338	0.2
70.9379	36.5314	85.167	0.2
70.6689	36.431	218.046	0.2
69.8597	36.5243	46.677	0.2
72.8455	34.8611	45.949	0.2
92.0029	33.2501	10	0.2
94.8769	30.3618	10	0.2
94.8507	30.3856	10	0.2
94.7327	30.2874	10	0.2
94.8318	30.35	10	0.2
70.0961	36.5193	215.106	0.2
75.9099	33.2332	27.461	0.2
96.3583	26.5274	89.642	0.2
76.4502	38.329	19.546	0.2
71.798	37.2073	129.867	0.2
79.7754	35.6797	10	0.2
75.948	33.0446	14.274	0.2
75.9074	33.1191	10	0.2
84.756	33.039	12.384	0.2
92.4485	26.7587	10	0.2
70.4644	34.4416	55.324	0.2
71.0508	36.6064	230.416	0.2
71.173	36.37	106.164	0.2
97.023	26.8674	10	0.2
97.0318	27.3244	10	0.2
70.7311	36.4988	194.44	0.2
99.3564	25.4275	10	0.2
99.2692	25.4011	10	0.2
71.2826	37.0048	71.425	0.2
81.5483	29.6212	10	0.2
70.9766	30.3208	10	0.2
82.0503	34.5635	10	0.2
74.2213	38.0712	169.316	0.2
69.7133	39.3471	10	0.2
69.8936	36.5189	163.474	0.2
75.5388	38.2981	142.52	0.2
96.0896	30.7663	10	0.2
81.3504	34.9914	17.045	0.2
70.9383	36.5092	160.685	0.2
69.7616	37.1822	14.621	0.2
73.2404	38.0772	10	0.2
74.0804	39.4048	10	0.2
72.9453	38.3919	10	0.2
73.1456	38.1333	10	0.2
73.1208	38.2621	10	0.2
73.5144	37.9445	11.959	0.2
73.2867	38.0157	10	0.2
73.1588	38.2189	15.497	0.2
73.0657	38.1349	10	0.2
81.5737	29.6254	20.937	0.2
70.5188	37.3017	56.154	0.2
92.673	38.8964	10	0.2
72.6877	37.4442	58.958	0.2
96.9059	37.0695	10	0.2
96.9	37.0348	10	0.2
79.8867	35.7367	10	0.2
79.8502	35.7331	10	0.2
81.6638	29.5825	33.11	0.2
70.6378	38.9015	10	0.2
71.3961	35.5464	104.372	0.2
96.5576	26.705	10	0.2
71.3902	37.058	117.646	0.2
70.9078	36.5374	187.282	0.2
83.1553	28.4898	18.597	0.2
99.0266	35.5858	10	0.2
82.5664	34.4629	10	0.2
71.1267	36.7551	95.589	0.2
70.8754	38.7748	10	0.2
85.1572	34.3699	10	0.2
69.948	36.6376	41.538	0.2
74.3479	39.5681	10	0.2
72.7472	39.5212	8.684	0.2
78.0488	37.5723	10	0.2
81.1777	29.3523	10	0.2
71.1766	36.5158	83.718	0.2
94.4118	28.3835	15	0.2
81.1922	29.3448	10	0.2
71.0964	37.0086	75.937	0.2
78.5669	30.7102	22.322	0.2
92.0137	33.1963	10	0.2
86.7743	32.9696	10	0.2
96.5205	26.6099	10	0.2
77.8359	37.6318	10	0.2
77.8671	37.564	10	0.2
86.0386	27.894	23.943	0.2
92.2724	37.7231	29.683	0.2
81.8588	33.5679	10	0.2
78.2297	39.334	10	0.2
95.7811	36.9227	10	0.2
71.4559	37.0307	106.571	0.2
78.4905	37.552	10	0.2
80.1671	34.6729	10	0.2
74.9896	35.5275	10	0.2
77.7506	35.907	10	0.2
70.7074	34.5449	10	0.2
70.6462	36.6227	69.06	0.2
70.5807	34.5991	10	0.2
70.7117	34.6636	10	0.2
68.863	36.1725	35	0.2
95.2338	25.0099	91.384	0.2
69.508	33.0822	35.13	0.2
81.1968	28.0619	10	0.2
99.133	38.4773	10	0.2
93.6677	37.8597	10	0.2
71.0949	36.5038	143.445	0.2
71.3235	36.4812	98.864	0.2
86.7827	27.1316	10	0.2
70.591	36.4291	216.706	0.2
70.9833	36.5911	208.72	0.2
69.4864	33.0608	10	0.2
69.6798	34.5144	35.746	0.2
69.5091	29.0575	10	0.2
78.6539	37.4844	10	0.2
70.7633	36.4184	209.373	0.2
83.8247	28.3742	10	0.2
71.1179	36.3681	89.766	0.2
71.1541	36.5049	220.21	0.2
71.1703	36.4814	208.81	0.2
77.8975	35.9196	10	0.2
70.6659	36.4806	199.29	0.2
71.9542	37.0407	154.11	0.2
91.8806	32.2082	10	0.2
70.2878	36.1297	109.66	0.2
71.1286	36.9172	77.39	0.2
76.2415	32.7165	10	0.2
80.4219	29.9682	33.06	0.2
71.7198	37.4966	108.39	0.2
70.5883	38.9236	10	0.2
97.3084	38.5167	15.04	0.2
70.5607	33.2832	41.19	0.2
70.9955	36.577	202.7	0.2
71.5177	39.2435	10	0.2
97.2553	38.5665	10	0.2
97.3511	38.6058	10	0.2
97.3056	38.5795	10	0.2
77.9099	35.9998	10	0.2
97.586	38.944	10	0.2
74.9251	35.5965	10	0.2
71.9394	37.4076	135.11	0.2
81.891	33.636	10	0.2
70.573	36.1554	86.62	0.2
69.7845	35.5378	91.19	0.2
95.7805	35.8038	10	0.2
98.9663	34.574	10	0.2
90.4969	38.8385	10	0.2
70.5963	35.4588	83.92	0.2
96.4951	26.0883	10	0.2
70.4391	36.5399	205.03	0.2
95.0293	33.3086	10	0.2
69.1575	36.0702	10	0.2
94.1513	29.2819	10	0.2
93.8695	25.2468	10	0.2
71.4945	36.5418	106.99	0.2
70.5248	36.474	79.01	0.2
73.7473	38.6317	103	0.2
71.1783	36.59	231.91	0.2
71.1823	36.6252	223.29	0.2
94.6585	36.9982	10	0.2
74.9802	35.6073	10	0.2
74.8205	35.5592	10	0.2
67.4107	30.314	10	0.2
92.619	38.9211	10	0.2
69.9415	37.5281	10	0.2
70.2699	38.7062	10	0.2
87.9296	31.723	6.77	0.2
96.3025	27.0398	10	0.2
68.7997	32.202	10	0.2
78.5517	31.9939	10	0.2
88.7826	27.271	10	0.2
87.4455	28.8267	10	0.2
96.7986	26.6453	10	0.2
84.6179	33.5483	10	0.2
76.8049	33.2123	10	0.2
87.2852	28.7052	10	0.2
94.6879	30.405	10	0.2
94.7873	30.3872	10	0.2
94.8392	30.4182	10	0.2
94.8221	30.3972	10	0.2
68.0339	30.0779	10	0.2
94.7625	30.3349	34.15	0.2
94.8038	30.3231	35.16	0.2
73.0921	38.0692	45.87	0.2
94.8618	30.351	35.41	0.2
94.8247	30.3214	31.64	0.2
71.0771	36.6494	213.77	0.2
73.2259	38.0372	10	0.2
94.7747	30.3557	31.65	0.2
94.8803	25.2256	80.05	0.2
96.4223	28.7353	10	0.2
73.4515	38.4972	110.86	0.2
69.282	30.1325	30.71	0.2
72.1846	33.2902	32.06	0.2
79.282	30.4791	10	0.2
78.7332	36.8193	10	0.2
73.2166	38.1145	35	0.2
73.1869	38.1266	38.59	0.2
77.9281	37.7135	10	0.2
77.9238	37.7236	10	0.2
77.9615	37.6047	10	0.2
70.3436	37.6012	10	0.2
69.1128	36.4122	49.45	0.2
69.7587	30.1983	10	0.2
70.917	39.049	49.08	0.2
95.5261	38.9098	10	0.2
78.7955	32.0551	10	0.2
96.2561	25.094	10	0.2
92.8722	31.9037	10	0.2
70.1356	37.4907	8.68	0.2
71.828	37.596	111.54	0.2
97.4227	34.5936	14.49	0.2
98.0805	34.7112	10	0.2
71.1077	36.4613	113.75	0.2
69.858	36.3149	145.6	0.2
73.1776	38.2622	10	0.2
71.3805	36.9911	102.43	0.2
73.1143	38.7404	96.34	0.2
70.0487	29.3258	10	0.2
70.5672	39.0526	10	0.2
95.2274	25.0311	102.19	0.2
97.9158	34.6768	10	0.2
71.4147	36.6626	183.1	0.2
98.8989	34.4957	10	0.2
90.3499	25.9603	10	0.2
96.5397	26.608	10	0.2
78.2208	34.2781	10	0.2
69.0848	34.9509	16.2	0.2
71.5687	33.5317	33.21	0.2
92.2097	28.0137	65.76	0.2
73.2047	34.7242	10	0.2
93.7234	38.2061	10	0.2
97.0854	26.6187	36.12	0.2
97.8048	34.6927	10	0.2
98.3313	34.5921	10	0.2
98.1957	34.6242	10	0.2
70.1352	36.5239	209.8	0.2
99.1057	34.4724	10	0.2
97.9925	34.7361	10	0.2
98.8106	34.5444	10	0.2
98.8874	34.5353	10	0.2
98.0852	34.7474	10	0.2
98.9375	34.5476	10	0.2
97.4695	34.9495	10	0.2
98.3686	34.5901	10	0.2
97.7166	34.6655	10	0.2
99.058	34.4065	10	0.2
98.4539	34.611	10	0.2
99.978	25.6714	10	0.2
99.104	34.4608	10	0.2
98.7477	34.3861	10	0.2
99.048	34.5192	10	0.2
99.0805	34.4808	10	0.2
98.4674	34.617	10	0.2
98.2954	34.5751	10	0.2
99.9907	25.6815	10	0.2
99.9993	25.5476	10	0.2
99.9889	25.6579	10	0.2
99.9677	25.5864	10	0.2
69.5705	34.776	14.82	0.2
84.3042	28.3088	10	0.2
84.3373	28.2785	10	0.2
69.4966	36.5242	31.91	0.2
94.1354	36.696	10	0.2
70.9548	36.61	72.99	0.2
92.4849	26.7477	38.21	0.2
92.5136	26.7489	35	0.2
89.5874	35.5232	10	0.2
89.7629	30.0036	10	0.2
78.7499	32.4789	10	0.2
70.8628	36.4947	183.7	0.2
90.6416	31.6849	10	0.2
92.9564	31.9628	10	0.2
92.9137	31.8686	10	0.2
88.9412	27.1863	10	0.2
89.3989	35.6454	10	0.2
87.6921	34.3549	8	0.2
92.6692	27.6289	29.81	0.2
92.9084	31.9664	10	0.2
93.7808	28.2935	10	0.2
71.2033	36.4722	122.81	0.2
83.4724	34.7094	15.11	0.2
86.3698	30.1485	10	0.2
70.6937	36.4189	211.82	0.2
95.0793	25.3809	89.49	0.2
80.3638	34.1448	10	0.2
92.5712	26.7322	18.67	0.2
69.5893	37.9531	10	0.2
87.3785	28.7463	10	0.2
87.362	28.8225	8.7	0.2
71.6199	37.1151	117.26	0.2
72.0043	39.3194	53.39	0.2
70.6979	36.4494	204	0.2
75.5872	33.3042	10	0.2
72.9466	34.741	10	0.2
96.6534	25.6397	10	0.2
69.3533	36.1322	26.1	0.2
70.211	38.149	10	0.2
67.435	30.3659	12.04	0.2
74.5595	39.6173	10	0.2
70.6139	38.9261	35	0.2
70.5077	38.8942	18.76	0.2
71.9384	37.3589	140.65	0.2
75.7388	33.5339	10	0.2
69.282	37.9543	10	0.2
75.7044	38.9056	10	0.2
71.742	37.6026	51.88	0.2
70.1961	38.5352	10	0.2
71.2789	39.5588	15.05	0.2
90.2627	33.384	10	0.2
71.2366	36.6548	219.45	0.2
73.918	39.6124	47.78	0.2
94.7776	25.643	61.51	0.2
79.1272	34.0992	10	0.2
79.2141	34.1788	10	0.2
75.8586	33.229	10	0.2
71.0706	36.2641	109.92	0.2
78.1519	34.1448	10	0.2
74.4055	34.7214	10	0.2
78.2058	34.2487	10	0.2
73.6916	38.0113	36.3	0.2
68.311	29.7909	24.34	0.2
94.5784	35.6868	10	0.2
85.8765	27.8464	10	0.2
93.4619	31.7318	10	0.2
77.8901	37.9774	10	0.2
95.5832	26.0998	86.9	0.2
94.7798	30.3829	10	0.2
86.6267	32.9399	10	0.2
94.8125	30.3546	10	0.2
94.826	30.3765	10	0.2
69.8698	38.5517	5.39	0.2
94.7198	30.4144	10	0.2
95.1615	29.8985	10	0.2
94.742	30.3544	10	0.2
94.9345	30.4464	10	0.2
94.7737	30.3605	10	0.2
94.7817	30.4109	10	0.2
86.8848	33.0351	10	0.2
77.3352	39.7747	10	0.2
94.841	30.4288	10	0.2
86.7387	33.0674	10	0.2
94.7527	30.386	10	0.2
94.7909	30.3366	10	0.2
94.7738	30.3811	10	0.2
94.7098	30.3956	10	0.2
94.8218	30.4061	10	0.2
94.806	30.389	10	0.2
94.8368	30.3757	10	0.2
94.8313	30.3884	10	0.2
86.8235	33.1508	10	0.2
94.7159	30.3844	10	0.2
86.773	33.2088	10	0.2
94.8312	30.4304	10	0.2
94.862	30.4051	10	0.2
94.8431	30.4109	10	0.2
94.8613	30.412	10	0.2
70.7366	35.3767	82.48	0.2
73.5538	37.9905	44.73	0.2
71.2625	36.4387	114.53	0.2
71.0224	36.3844	117.16	0.2
82.4308	35.6726	10	0.2
70.9225	39.0341	10	0.2
75.9509	32.998	10	0.2
75.8744	33.1193	43.89	0.2
82.3801	35.5546	10	0.2
82.4472	35.6685	10	0.2
82.4619	35.6587	10	0.2
71.0335	36.6712	229.31	0.2
97.0594	26.6545	10	0.2
85.5107	32.8636	10	0.2
94.9732	29.9346	10	0.2
73.9702	39.6508	10	0.2
86.0378	27.7046	10	0.2
73.9426	39.6837	10	0.2
70.5821	36.5341	199.81	0.2
68.7379	37.5452	10	0.2
68.5796	37.505	10	0.2
71.5363	39.3607	10	0.2
70.544	36.3646	168.81	0.2
70.6608	36.3494	159.32	0.2
73.9151	39.7884	17.35	0.2
85.4882	32.6775	10	0.2
98.9089	33.1265	10	0.2
71.0957	36.6765	214.05	0.2
94.684	38.0919	10	0.2
72.3038	39.0679	10	0.2
85.8363	34.5391	10	0.2
85.3323	32.7152	10	0.2
85.5456	32.8006	10	0.2
71.1384	36.4064	115.46	0.2
71.7765	38.8319	10	0.2
76.2474	32.9752	10	0.2
71.5469	37.2739	117.05	0.2
77.4323	39.7209	10	0.2
85.7767	34.5533	10	0.2
85.6961	34.5182	10	0.2
71.8207	38.9306	10	0.2
72.6827	37.9615	128.81	0.2
90.7847	26.3386	10	0.2
79.9831	30.0278	18.78	0.2
71.2477	36.5831	128.66	0.2
95.7207	28.9807	10	0.2
77.2433	39.768	10	0.2
94.7497	38.9966	10	0.2
70.578	38.7827	10	0.2
95.0575	31.995	10	0.2
71.6665	39.1964	10	0.2
71.5082	39.1651	10	0.2
98.9264	33.0798	10	0.2
77.4623	39.8705	10	0.2
77.4275	39.8496	10	0.2
77.3011	39.6252	10	0.2
93.3736	31.646	27.2	0.2
77.1456	39.7276	10	0.2
74.474	35.0149	10	0.2
74.6387	35.6305	24.32	0.2
74.4751	35.6686	10	0.2
86.9509	32.4723	10	0.2
72.6437	39.4018	10	0.2
78.0194	39.9338	10	0.2
68.9622	36.0347	10	0.2
70.7941	36.4769	141.79	0.2
67.0685	36.9981	34.77	0.2
84.2884	30.4965	15.1	0.2
85.8214	27.7986	10	0.2
71.6677	37.2581	10	0.2
81.1433	29.3228	10	0.2
71.5096	36.4665	97.63	0.2
93.3051	26.1728	51.25	0.2
70.1149	36.5503	209.88	0.2
88.9719	35.2589	10	0.2
73.5759	32.9796	42.77	0.2
70.6021	36.5287	202.56	0.2
70.6409	36.5069	203.28	0.2
71.2071	36.5983	94.62	0.2
91.3145	27.293	10	0.2
89.0298	37.9095	10	0.2
88.6904	37.8609	13.75	0.2
73.6318	33.0481	10	0.2
73.7936	33.0779	10	0.2
68.4308	36.082	27.85	0.2
70.2215	38.6428	10	0.2
70.6855	36.6697	261.4	0.2
76.181	32.9804	43.93	0.2
76.1758	33.0736	10	0.2
70.645	36.4497	201.66	0.2
96.1069	26.4642	105.63	0.2
69.3398	36.3898	42.93	0.2
94.7951	30.4025	10	0.2
70.693	36.4389	207.71	0.2
94.8628	30.3683	10	0.2
94.83	30.4829	10	0.2
90.5058	38.7808	10	0.2
94.7964	30.4088	10	0.2
94.8662	30.4138	10	0.2
94.8731	30.3447	10	0.2
71.5345	37.1698	110.74	0.2
96.6433	25.6762	10	0.2
71.2747	36.6761	226.29	0.2
96.8919	25.2858	10	0.2
71.3439	36.5337	117.39	0.2
68.3806	36.7478	27.35	0.2
92.8044	27.7365	10	0.2
92.7236	27.7047	10	0.2
92.8302	27.7188	15	0.2
91.1874	31.7644	11.93	0.2
70.7671	36.2462	104.27	0.2
70.9234	36.6268	75.83	0.2
71.6055	39.335	10	0.2
82.5671	33.6308	10	0.2
87.173	28.4217	84.75	0.2
72.2752	34.6122	31.11	0.2
72.8572	34.6813	12.9	0.2
94.8689	25.0414	65.32	0.2
87.5686	30.3347	10	0.2
87.661	30.3288	10	0.2
84.7453	27.9487	10	0.2
95.7216	26.2288	85.93	0.2
68.2985	36.382	43.3	0.2
73.7091	39.1983	35	0.2
97.4037	39.1384	19.58	0.2
93.0258	26.4403	43.81	0.2
85.0667	27.7651	27.34	0.2
94.4235	25.4467	61.78	0.2
90.4226	36.7398	13.78	0.2
90.9962	38.3785	10	0.2
70.0381	30.9605	10	0.2
70.8958	36.5711	195.19	0.2
70.0655	31.0122	10	0.2
67.4271	29.7206	10	0.2
71.2685	36.4606	115.1	0.2
69.1743	36.3801	53.99	0.2
69.8334	38.6793	10	0.2
97.2055	38.4699	9.59	0.2
68.9772	38.5249	10	0.2
96.3645	27.3345	10	0.2
74.1694	35.103	20.67	0.2
87.6754	30.3859	9.97	0.2
87.6229	30.3908	9.85	0.2
95.1522	30.0401	10	0.2
70.7737	38.9006	10	0.2
75.7112	39.6095	18.28	0.2
78.2373	34.3645	34.51	0.2
77.6122	39.8478	9.01	0.2
96.6002	26.4496	115.7	0.2
87.4547	30.1798	10	0.2
86.7946	30.4684	10	0.2
74.744	39.1614	10	0.2
74.7587	39.0994	13.65	0.2
81.0515	35.1488	7.79	0.2
67.6466	29.9821	10	0.2
71.2354	36.5617	224.85	0.2
70.461	36.1086	117.76	0.2
70.5372	36.5254	201.18	0.2
98.825	29.6624	22.78	0.2
98.7762	29.7432	26.49	0.2
74.7084	39.0284	10	0.2
69.8699	30.0498	10	0.2
74.1982	38.1403	165.36	0.2
70.5689	38.5543	10	0.2
92.6174	28.0036	10	0.2
68.6867	35.8078	21.76	0.2
96.9185	27.1986	11	0.2
67.4659	36.4519	12.51	0.2
69.6289	35.5051	99.45	0.2
70.2336	37.6598	14.59	0.2
90.3241	32.8748	10	0.2
83.9207	34.1017	14.92	0.2
87.4647	30.2891	10	0.2
87.6483	30.3789	10	0.2
75.1483	39.4323	19.53	0.2
78.1243	34.2342	10	0.2
78.0838	34.2929	10	0.2
72.5009	37.3256	10	0.2
87.7783	30.4664	13.83	0.2
70.5953	38.4779	10	0.2
73.8932	38.4095	122.97	0.2
89.2072	33.5346	10	0.2
84.0333	34.1705	10	0.2
72.2183	39.2651	10	0.2
72.4117	37.8619	132.18	0.2
75.1609	39.4189	27.05	0.2
70.5471	36.5308	194.81	0.2
83.8895	34.0874	10	0.2
82.6252	39.6858	14.98	0.2
80.6903	34.2169	10	0.2
72.2617	37.4186	204.88	0.2
70.5652	38.4785	10	0.2
90.1611	26.3711	10	0.2
71.0343	36.503	161.49	0.2
76.8101	28.6531	10	0.2
76.7137	39.587	22.62	0.2
76.8783	39.3941	10	0.2
76.8745	39.4095	10	0.2
71.3681	39.6071	9.19	0.2
88.8284	33.1511	26.62	0.2
71.8774	36.986	227.48	0.2
81.0371	35.0467	10	0.2
92.1552	34.9356	18.74	0.2
87.6027	30.3493	10	0.2
69.4739	36.1883	122.75	0.2
80.996	34.9676	10	0.2
73.4766	38.4299	123.85	0.2
69.8174	36.5051	28.55	0.2
84.8272	27.8919	10	0.2
78.3541	35.8144	10	0.2
70.2093	30.0772	10	0.2
94.9239	38.8568	10	0.2
92.6686	26.3263	47.34	0.2
78.3493	35.7873	23.01	0.2
81.6777	29.6464	10	0.2
96.9851	27.1823	38.89	0.2
69.3073	28.7329	16.64	0.2
68.5616	32.9691	39.96	0.2
71.0575	36.5631	199.4	0.2
70.5177	33.1351	19.35	0.2
68.5817	32.975	39.5	0.2
96.5154	34.5599	18.25	0.2
73.3883	39.4512	10	0.2
71.467	37.3578	89.53	0.2
96.5238	34.5942	10	0.2
70.6548	38.9817	10	0.2
71.1715	36.3125	88.42	0.2
70.6957	36.7206	260.98	0.2
74.4656	39.7466	31.34	0.2
70.013	36.3456	134.98	0.2
96.9676	26.4448	10	0.2
71.1277	36.4561	237.94	0.2
69.9052	38.6859	5	0.2
70.6687	36.4652	200.25	0.2
98.9952	25.1354	37.15	0.2
69.0047	37.1969	21.28	0.2
73.9572	39.6441	47.79	0.2
87.6339	30.362	11.41	0.2
71.2229	36.4994	205.8	0.2
82.2307	35.7797	33.68	0.2
86.9413	34.8817	10	0.2
93.3826	32.8745	10	0.2
72.478	38.1537	111.52	0.2
86.9597	34.99	10	0.2
70.7313	36.4525	199.53	0.2
70.02	38.4978	17.53	0.2
72.6886	38.1613	112.89	0.2
72.9721	39.4604	21.53	0.2
96.1232	26.6901	76.88	0.2
72.5075	38.8765	40.74	0.2
70.9416	36.562	172.9	0.2
73.6696	39.4727	40.4	0.2
70.8351	36.5496	165.81	0.2
95.0865	29.964	27.66	0.2
94.2556	27.6391	15.94	0.2
90.8605	25.725	10	0.2
78.5677	34.3183	35.55	0.2
76.9149	33.4204	20.3	0.2
86.1471	27.7618	10	0.2
77.5618	35.7238	74.3	0.2
79.1601	30.6339	10	0.2
95.1799	29.9261	10	0.2
70.3351	35.0633	78.71	0.2
86.4912	35.1672	14.73	0.2
94.8843	29.9311	10	0.2
71.5105	37.2567	103.57	0.2
73.9038	38.2483	31.36	0.2
87.4355	30.2645	9.83	0.2
73.6628	39.5863	52.58	0.2
96.3595	36.9677	35	0.2
81.2918	29.6127	10	0.2
70.6618	36.1991	101.46	0.2
76.2599	33.5105	32.12	0.2
95.0497	32.074	10	0.2
72.5015	38.0372	118.43	0.2
68.0037	39.8279	14.13	0.2
74.5944	34.2131	35	0.2
69.9891	29.5021	25.67	0.2
83.4386	34.014	10	0.2
82.6488	32.0662	10	0.2
70.9351	36.3311	114.38	0.2
72.998	33.5732	32.11	0.2
71.3353	36.4191	110.81	0.2
74.5783	35.4065	49.61	0.2
81.1558	29.3871	10	0.2
94.704	30.4658	10	0.2
94.9281	30.3667	10	0.2
94.5263	25.8288	61.1	0.2
73.9838	38.2259	43.87	0.2
94.8528	30.3422	28.2	0.2
70.9333	36.5673	193.5	0.2
73.9444	39.7077	43.61	0.2
68.1623	37.9536	10	0.2
70.9118	36.7124	265.93	0.2
70.92	36.3061	112.57	0.2
91.854	37.6559	10	0.2
82.7985	30.6609	51.53	0.2
73.4405	34.6598	22.29	0.2
86.1159	27.2384	10	0.2
70.9306	36.5451	188.61	0.2
70.7841	38.7465	10	0.2
70.6732	36.4357	207.15	0.2
71.3078	36.7161	188.86	0.2
73.3754	38.3993	123.4	0.2
72.9161	34.8708	25.09	0.2
91.076	33.616	35	0.2
71.223	36.3624	77.59	0.2
95.1091	25.2784	92.06	0.2
91.0601	33.615	10	0.2
76.7797	28.9744	10	0.2
73.5918	39.4354	10	0.2
71.3433	36.7053	177.09	0.2
75.3494	37.6	10	0.2
75.4207	37.5941	10	0.2
75.3098	37.6433	7.62	0.2
70.4746	38.9635	10	0.2
71.5463	36.6476	400.57	0.2
71.435	39.4959	10	0.2
71.3811	39.4524	8.55	0.2
71.3001	39.4947	10	0.2
71.1967	39.4332	10	0.2
71.4131	39.5607	10	0.2
71.4795	39.509	10	0.2
71.502	39.5019	10	0.2
71.3977	39.5419	21.85	0.2
71.4784	39.5178	10	0.2
71.3378	39.5183	10	0.2
77.9129	37.9748	10	0.2
76.422	33.9575	51.3	0.2
70.8619	36.5405	194.44	0.2
72.1238	37.7524	121.97	0.2
71.3606	36.1398	108.14	0.2
71.3571	36.7821	178.43	0.2
68.9415	36.3391	43.02	0.2
99.8406	25.9382	27.61	0.2
99.8842	25.8832	10	0.2
67.1771	29.1084	18.04	0.2
71.9527	37.5003	9.93	0.2
73.3558	39.2998	48.34	0.2
73.4677	39.2516	41.22	0.2
84.9348	36.6638	12.83	0.2
94.6658	25.1865	74.07	0.2
81.3133	39.9151	15.87	0.2
72.101	37.6873	127.1	0.2
85.9319	27.3706	20.28	0.2
86.0789	27.4259	11.23	0.2
83.5019	30.2107	10	0.2
70.092	39.0404	10	0.2
72.889	38.2031	119.56	0.2
70.9478	36.4952	152.22	0.2
70.4511	36.0949	115.93	0.2
79.1645	30.6544	16.05	0.2
83.978	32.0126	10	0.2
81.777	35.6969	10	0.2
83.3674	30.6877	10	0.2
71.2933	36.4309	82.93	0.2
76.7293	38.2914	37.17	0.2
70.6922	38.9043	6.01	0.2
68.3142	36.9069	25.83	0.2
68.4194	36.8955	14.04	0.2
71.4964	37.4495	34.37	0.2
83.7309	30.4946	10	0.2
71.6407	37.2871	108.45	0.2
69.819	36.0937	118.41	0.2
74.0906	39.2391	10	0.2
90.0487	38.5817	10	0.2
74.0601	39.2603	10	0.2
70.4468	36.2316	93.88	0.2
71.6641	37.4749	118.73	0.2
74.708	39.1491	10	0.2
74.5611	39.2339	10	0.2
69.276	34.1753	10	0.2
99.5574	39.0014	10	0.2
71.1604	36.454	87.51	0.2
92.116	32.4198	10	0.2
80.6321	29.979	31.96	0.2
71.0964	36.7509	230.42	0.2
70.7886	38.8657	10	0.2
74.1808	39.2964	10	0.2
86.5319	27.8015	10	0.2
74.5186	39.2353	10	0.2
74.2226	39.2451	10	0.2
74.2581	39.2848	10	0.2
74.2447	39.1881	10	0.2
73.9606	39.1904	10	0.2
73.9707	39.3566	10	0.2
73.9162	39.1868	10	0.2
71.3486	36.6173	84.82	0.2
96.1511	32.6865	10	0.2
70.8421	36.5242	190.95	0.2
71.5387	37.1825	97.54	0.2
68.1282	39.7988	12.9	0.2
71.6643	39.2482	16.54	0.2
90.2619	26.0659	24.31	0.2
69.8069	30.8984	29.96	0.2
71.2694	36.4437	106.95	0.2
94.9965	32.9799	37.85	0.2
94.9881	32.8717	37.41	0.2
71.7134	37.1344	151.58	0.2
70.827	36.6166	246.99	0.2
95.0006	25.2519	95.33	0.2
73.6822	34.9048	10	0.2
99.609	30.1727	22.98	0.2
68.1516	26.1494	10	0.2
99.6502	30.1768	21.01	0.2
99.7368	30.1048	23.45	0.2
99.6908	30.1819	21.99	0.2
95.6127	25.2601	141.47	0.2
82.6753	30.2163	35	0.2
73.098	34.7371	25.92	0.2
94.9397	28.6255	23.69	0.2
86.186	34.339	30.29	0.2
77.7102	31.4746	10	0.2
72.4225	38.9311	5.16	0.2
72.5262	38.7689	4.75	0.2
86.2891	34.4055	10	0.2
86.2515	34.3687	29.39	0.2
67.5467	39.9451	16.23	0.2
72.3742	38.8748	38.35	0.2
69.1851	35.2761	10	0.2
73.3421	39.4543	10	0.2
73.5391	39.4789	15.55	0.2
98.3154	30.3812	27	0.2
73.4252	39.4563	10	0.2
78.1312	39.8921	22.58	0.2
73.4673	39.4168	10	0.2
70.5594	38.8808	10	0.2
81.1306	29.5553	9.03	0.2
73.3766	39.4279	10	0.2
73.341	39.4745	13.59	0.2
73.387	39.487	17.77	0.2
73.7164	39.4026	10	0.2
73.5842	39.4606	10	0.2
87.4704	28.7638	10	0.2
73.298	39.4202	9.62	0.2
69.6512	32.1823	46.92	0.2
73.613	39.3387	10	0.2
73.562	39.6441	10	0.2
73.7349	39.4381	10	0.2
73.6218	39.4451	10	0.2
73.5245	39.4074	10	0.2
73.2075	39.4021	10	0.2
70.0964	36.5089	214.92	0.2
70.6894	36.4695	210	0.2
75.5163	38.3415	130.43	0.2
70.3346	36.0916	108.87	0.2
71.2307	36.4178	104.46	0.2
71.8189	37.563	118.54	0.2
69.7339	35.8184	107.49	0.2
85.4237	28.0097	10	0.2
96.4968	26.5252	64.3	0.2
87.4796	28.5654	4.44	0.2
87.5326	28.4538	9.36	0.2
95.0925	32.1179	10	0.2
99.575	26.0846	51.35	0.2
99.492	26.0476	53.99	0.2
75.6205	39.7699	10	0.2
95.0268	32.0221	8	0.2
86.6563	34.7921	10	0.2
71.406	36.8594	176.57	0.2
71.7137	37.239	103.43	0.2
74.125	39.674	10	0.2
71.4798	37.0018	114.79	0.2
94.9179	32.0743	10	0.2
95.1012	31.9952	15.92	0.2
70.1303	36.519	220.7	0.2
70.7199	36.0464	92.36	0.2
73.3895	39.4784	46.95	0.2
71.0735	36.8983	76.19	0.2
67.1004	39.1142	24.21	0.2
90.5452	25.7595	10	0.2
70.7476	38.9584	10	0.2
99.2689	35.7108	15.1	0.2
93.1989	29.9569	10	0.2
98.0065	29.8667	23.73	0.2
84.0352	36.5452	14.06	0.2
99.8575	30.4216	10	0.2
69.9154	29.7391	10	0.2
85.7365	27.8322	10	0.2
95.0448	32.0565	10	0.2
84.6943	27.9633	16.72	0.2
70.8607	36.4892	174	0.2
71.3121	39.0598	45.38	0.2
93.4977	26.196	39.72	0.2
86.284	30.8319	32.43	0.2
99.5903	26.0834	10	0.2
85.3377	27.8782	23.53	0.2
69.8659	36.7511	307.31	0.2
71.3509	36.6676	94.89	0.2
71.1693	37.05	85.39	0.2
73.2032	38.7327	13.3	0.2
91.6264	32.6531	10	0.2
70.9688	36.6015	223.13	0.2
97.6386	36.429	14.32	0.2
70.932	36.5426	189	0.2
73.0507	34.9819	48.92	0.2
81.6541	29.3985	10	0.2
73.0165	38.3228	10	0.2
72.8574	38.3722	10	0.2
72.8567	38.5054	10	0.2
72.9329	38.2448	10	0.2
72.9096	38.5856	10	0.2
72.9733	38.2178	10	0.2
73.233	38.5852	10	0.2
73.1342	38.5072	5.99	0.2
72.939	38.208	10	0.2
73.335	38.5827	10	0.2
73.2011	38.6494	19.87	0.2
73.238	38.4881	10	0.2
73.2693	38.5813	10	0.2
72.7443	38.2325	10	0.2
73.2848	38.4507	10	0.2
72.8461	38.7467	17.92	0.2
73.9303	34.8307	5	0.2
92.9745	26.4076	54.52	0.2
89.8692	29.6929	77.42	0.2
84.7587	28.1552	8.19	0.2
75.6292	39.4007	10	0.2
85.6776	27.8525	16.51	0.2
95.0279	32.1192	10	0.2
70.3388	36.5049	208.78	0.2
71.3622	36.7176	185.69	0.2
69.5481	32.0564	39.95	0.2
69.5562	32.0869	44.73	0.2
70.4659	36.4916	211.11	0.2
99.5721	25.0907	24.61	0.2
70.5117	36.4977	201.93	0.2
98.0584	30.1517	24.18	0.2
70.4177	36.5467	202.76	0.2
70.521	36.5034	204.28	0.2
70.5636	36.4973	203.31	0.2
98.2297	34.2965	11.45	0.2
86.469	28.8544	10	0.2
70.3328	36.4812	202.74	0.2
80.3737	29.996	35	0.2
78.1191	37.5663	42.76	0.2
77.9713	37.6844	41.76	0.2
78.5062	35.3339	10	0.2
78.4343	35.3587	10	0.2
71.4872	37.2345	123.78	0.2
70.4897	36.0086	107.39	0.2
71.0755	36.4509	239.6	0.2
73.8631	38.3446	127.39	0.2
71.5439	37.2753	120.03	0.2
86.0795	27.8355	10	0.2
85.9473	27.7023	10	0.2
86.086	27.5691	10	0.2
94.8333	30.3746	38.31	0.2
94.8676	30.3421	35	0.2
94.8898	30.3636	32.33	0.2
81.5677	35.6223	10	0.2
71.0542	36.4995	122.75	0.2
94.9251	30.3447	31.19	0.2
94.8784	30.3779	10.49	0.2
94.8379	30.3325	32.15	0.2
73.3002	33.3021	39.11	0.2
73.1926	33.8564	17.03	0.2
78.0652	37.4984	39.45	0.2
94.8889	30.3434	10	0.2
69.794	38.8831	9.51	0.2
94.8353	30.3416	33.88	0.2
94.9308	30.3218	33.65	0.2
94.8689	30.4	10	0.2
70.9958	35.8708	89.24	0.2
72.6095	38.9915	10	0.2
78.1928	37.3915	10	0.2
78.0286	37.4606	10	0.2
77.934	37.3901	10	0.2
78.1121	37.5234	10	0.2
77.9969	37.5644	10	0.2
78.1194	37.3086	10	0.2
73.7102	34.4513	10	0.2
71.3004	36.6802	191	0.2
86.056	28.0316	10	0.2
90.41	26.6384	26	0.2
69.2895	36.4885	39.04	0.2
82.6319	28.5523	10	0.2
86.0709	27.6326	10	0.2
85.5836	27.8321	24.49	0.2
98.9486	33.0669	15.42	0.2
72.6699	38.0219	141.69	0.2
70.3377	36.1184	115.07	0.2
73.018	38.4463	96.62	0.2
71.0941	36.4807	234.88	0.2
90.9881	34.5823	10	0.2
84.7819	27.9798	10	0.2
85.1005	28.2338	10	0.2
84.9671	27.9555	10	0.2
85.0483	27.3231	10	0.2
70.1959	38.6418	14.6	0.2
86.0734	27.5603	7	0.2
85.713	27.6386	10	0.2
84.7499	27.9719	10	0.2
86.0503	27.7199	8.38	0.2
86.1891	27.7201	10	0.2
86.1557	27.6539	10	0.2
84.6384	27.783	10	0.2
86.1266	27.4989	10	0.2
86.4044	27.7987	10	0.2
69.6421	37.31	11.05	0.2
86.0672	27.7318	10	0.2
86.0692	27.7486	10	0.2
86.1316	27.7298	15	0.2
85.7574	27.7629	15	0.2
86.0161	27.7221	15	0.2
86.2576	27.7224	10	0.2
86.039	27.5579	10	0.2
86.2387	27.6521	11.77	0.2
86.2449	27.7458	10	0.2
86.2566	27.5589	10	0.2
86.2338	27.5796	10	0.2
86.2369	27.3073	10	0.2
86.2177	27.7141	13.01	0.2
69.7172	37.4055	13.92	0.2
89.5914	39.5459	10	0.2
85.979	27.6418	11.56	0.2
84.6576	28.3143	10	0.2
94.7996	26.2401	10	0.2
85.4086	27.864	10	0.2
71.9357	37.3429	166.62	0.2
84.682	28.0066	21.35	0.2
88.055	26.8644	31.71	0.2
85.6751	27.5298	10	0.2
85.865	27.8297	14	0.2
85.854	27.7307	10	0.2
85.9822	27.7555	10	0.2
85.9136	27.7004	10	0.2
84.8715	27.7993	13.61	0.2
85.8114	27.7657	23.88	0.2
85.829	28.238	10	0.2
85.6359	27.8695	10	0.2
85.8748	27.7109	10	0.2
85.9826	27.7266	10	0.2
85.0378	28.0768	10	0.2
84.5594	28.0979	10	0.2
85.8842	27.8061	10	0.2
85.9565	27.6033	10	0.2
85.5209	27.9945	10	0.2
85.7503	27.7192	10	0.2
85.3426	27.8743	10	0.2
85.5058	27.5866	10	0.2
85.9539	27.6708	10	0.2
84.6218	27.9351	10	0.2
85.5666	27.8166	10	0.2
85.16	27.6429	10	0.2
85.7931	27.8549	10	0.2
85.7563	27.7014	10	0.2
85.7943	27.8132	10	0.2
85.5955	27.8172	10	0.2
85.6791	27.8818	10	0.2
85.7307	27.615	10	0.2
85.914	27.7879	10	0.2
86.0061	27.7219	10	0.2
85.7505	27.8822	10	0.2
85.2009	27.672	10	0.2
85.5012	27.5862	10	0.2
85.8302	27.7435	10	0.2
85.9479	27.7244	10	0.2
85.0717	27.8478	10	0.2
85.5043	27.7006	10	0.2
85.5854	27.687	10	0.2
85.448	27.813	18	0.2
85.1141	27.8006	10	0.2
84.492	28.2046	10	0.2
68.6365	36.282	36.94	0.2
82.3938	28.8947	10	0.2
92.7714	26.7924	35	0.2
71.2159	36.5648	113.41	0.2
71.83	37.1953	178.38	0.2
83.4081	32.8699	11.91	0.2
86.3309	28.7007	57.33	0.2
79.5107	30.3521	10	0.2
71.4463	36.5833	111.99	0.2
71.5953	36.4849	101.15	0.2
71.3314	36.6879	196.08	0.2
73.2777	34.671	29.74	0.2
70.985	36.4499	143.52	0.2
76.2031	34.4283	48.05	0.2
75.1314	39.5361	51.9	0.2
71.6395	36.425	101.03	0.2
98.9802	34.766	14.87	0.2
83.4305	32.866	10	0.2
83.9732	28.2987	32.41	0.2
95.1923	25.0231	120.19	0.2
93.0194	32.6654	28.18	0.2
71.7699	37.2889	128.42	0.2
72.6023	37.9736	119.48	0.2
87.3541	28.5278	57.27	0.2
71.3538	36.4149	98.81	0.2
86.3702	27.7395	33.6	0.2
70.8023	36.5312	196.85	0.2
71.7387	37.2379	122.18	0.2
92.6206	26.886	53.1	0.2
67.968	36.4084	25.95	0.2
71.0089	36.5157	234.57	0.2
71.4975	37.2247	107.66	0.2
72.9695	38.1919	138.24	0.2
71.2444	36.3657	126.42	0.2
97.0638	37.6163	16.41	0.2
73.8777	34.9154	34.56	0.2
97.0744	27.1694	10	0.2
70.8709	36.5261	189.56	0.2
88.8686	38.2443	10	0.2
97.7681	36.3702	12.28	0.2
69.5866	38.5901	15.55	0.2
69.8145	36.4517	29.16	0.2
73.0647	35.9113	41.91	0.2
73.9193	34.2939	26.73	0.2
71.5284	36.0497	91.14	0.2
71.4083	36.9042	80.12	0.2
70.6992	36.0019	94.97	0.2
72.1472	37.4512	8.36	0.2
67.2293	27.0721	29.57	0.2
95.365	25.0074	134.14	0.2
72.3338	37.501	14.16	0.2
69.995	36.0758	113.6	0.2
70.9638	36.5605	200.45	0.2
71.5833	39.1443	36	0.2
76.4266	32.3289	10	0.2
98.9259	34.8385	10	0.2
85.4967	29.2757	10	0.2
81.1083	39.1843	10	0.2
71.0988	36.8785	83.67	0.2
67.7024	36.4088	35	0.2
71.1376	36.3628	91.12	0.2
78.1413	39.3526	10	0.2
73.9147	36.2352	74.72	0.2
75.0923	35.5535	35	0.2
70.8409	36.5139	199.24	0.2
70.8555	36.231	115.45	0.2
71.6062	36.6308	108.53	0.2
75.5807	33.292	42.74	0.2
69.9463	36.3366	142.15	0.2
70.0793	36.5292	211.53	0.2
70.731	36.6656	69.01	0.2
67.695	29.4664	18.87	0.2
68.3887	26.3678	15.35	0.2
71.2824	36.5977	127.49	0.2
69.9299	31.7368	27.84	0.2
93.0355	38.4094	17.11	0.2
70.4059	35.2063	71.39	0.2
86.4624	31.3961	13.47	0.2
71.2425	37.2444	101.07	0.2
73.6564	34.7251	23.8	0.2
82.3019	35.8478	10	0.2
82.8769	36.2151	11.77	0.2
70.6838	36.4491	206.57	0.2
72.612	39.3697	53.87	0.2
92.7956	38.3261	14.66	0.2
91.1309	31.6755	15.49	0.2
90.7908	38.2417	10	0.2
76.1747	30.0104	16.02	0.2
82.3399	35.8857	10	0.2
82.4283	35.9306	10	0.2
82.3433	36.0206	10	0.2
82.4	35.8613	10	0.2
82.4499	35.9686	10	0.2
82.487	35.9947	10	0.2
89.2216	33.8784	10	0.2
90.3587	32.0483	32.55	0.2
71.4089	36.5917	139.66	0.2
73.1097	34.7881	28.1	0.2
93.8116	32.9228	37.48	0.2
90.2824	31.8719	46.49	0.2
71.3494	36.4674	102.33	0.2
71.5185	36.5504	107.24	0.2
68.6777	36.1253	64.74	0.2
70.3878	36.4917	210.46	0.2
75.3575	38.335	126.82	0.2
69.151	37.3074	23.64	0.2
71.4261	37.2111	109.17	0.2
73.937	38.3639	135.81	0.2
71.3868	36.5395	87.1	0.2
67.4543	27.5175	10.11	0.2
89.1888	34.0071	25.56	0.2
70.5242	36.2944	144	0.2
94.196	39.1234	20.78	0.2
70.7001	35.9796	95.05	0.2
73.2065	36.7482	35	0.2
89.5628	26.5885	13.6	0.2
70.3233	36.4871	215.45	0.2
71.0561	36.9215	51.6	0.2
95.8701	28.8721	35.15	0.2
71.9565	37.4965	133.8	0.2
73.6275	39.5265	42.74	0.2
86.8448	36.5757	7.18	0.2
88.0211	35.6323	31.61	0.2
67.5025	29.8329	17.75	0.2
70.7551	39.0251	19.09	0.2
68.0529	37.6806	29.37	0.2
68.8901	38.4097	22.96	0.2
93.5345	26.3701	46.84	0.2
93.6451	26.4118	34.32	0.2
75.524	39.7652	48.06	0.2
71.0647	36.6521	212.04	0.2
97.3754	39.7459	15.13	0.2
77.0837	35.3406	48.7	0.2
77.4189	35.7595	96.76	0.2
71.0967	36.4972	227.43	0.2
70.7061	36.4392	210	0.2
71.4167	36.7749	105.2	0.2
88.4022	27.2898	9.87	0.2
70.3083	38.7155	18.2	0.2
70.7674	36.3855	185.84	0.2
71.1658	36.4546	259.5	0.2
80.9925	34.9486	30.03	0.2
70.1261	36.5088	212	0.2
99.4911	28.2649	10	0.2
71.3849	36.4718	117.29	0.2
99.2852	28.2704	10	0.2
99.7169	29.997	10	0.2
99.3107	28.2123	10.05	0.2
99.3432	28.2199	10	0.2
99.4322	28.2316	10	0.2
85.8966	28.1613	54.65	0.2
99.3276	28.239	10	0.2
94.0462	33.1688	11.54	0.2
71.7827	37.2712	35	0.2
71.7178	37.2179	35.4	0.2
75.8728	33.2183	44.81	0.2
99.0083	31.7105	39.34	0.2
69.4081	29.0997	10.13	0.2
97.9591	30.1514	10.03	0.2
97.9241	30.0761	10	0.2
97.9127	29.976	10	0.2
98.0134	30.0293	10	0.2
97.9753	30.0628	10	0.2
86.4892	31.4676	10	0.2
86.4483	31.4444	8.91	0.2
75.9504	33.2967	42.43	0.2
75.9377	33.2663	14.12	0.2
71.138	36.717	230.1	0.2
70.544	36.501	206.9	0.2
99.009	25.9	39.4	0.2
87.599	28.383	52.5	0.2
73.026	39.345	16.5	0.2
71.126	36.69	218	0.2
78.197	32.765	49.9	0.2
70.474	36.534	215.3	0.2
92.729	33.084	42.3	0.2
73.471	39.272	28.8	0.2
72.198	35.168	50.6	0.2
82.279	28.655	24.8	0.2
71.971	39.43	12.3	0.2
73.127	36.891	41.6	0.2
71.206	36.429	232.8	0.2
95.931	37.604	9	0.2
76.601	32.672	41.1	0.2
70.44	36.491	207.4	0.2
86.512	31.377	24.3	0.2
86.604	31.504	25.3	0.2
86.589	31.414	27.5	0.2
88.104	38.795	15	0.2
75.709	33.087	48	0.2
75.727	33.101	61.7	0.2
73.029	39.532	49.5	0.2
75.764	33.001	10	0.2
70.22	34.526	63.8	0.2
99.782	25.953	38.3	0.2
95.15	28.887	39.5	0.2
72.548	38.248	104.5	0.2
88.051	30.039	35	0.2
71.457	36.454	103.9	0.2
71.106	36.403	239.5	0.2
95.323	33.313	10	0.2
70.088	36.476	229.9	0.2
70.875	36.5	171.4	0.2
82.294	28.758	10	0.2
99.812	25.98	8	0.2
71.594	38.606	11.6	0.2
67.554	29.194	10	0.2
85.698	34.319	10	0.2
85.651	34.292	10	0.2
71.034	36.418	137	0.2
71.666	36.441	95.5	0.2
92.371	38.476	16.9	0.2
78.268	30.969	10	0.2
80.424	34.247	16.6	0.2
70.653	36.472	204.3	0.2
70.264	37.48	35	0.2
82.416	37.55	23.8	0.2
94.702	32.901	10	0.2
96.536	36.663	15.3	0.2
94.68	32.921	21.5	0.2
77.291	39.836	35	0.2
68.847	36.339	51.5	0.2
99.546	31.056	8	0.2
70.984	36.502	190.4	0.2
81.711	29.694	15.3	0.2
71.847	39.423	36.3	0.2
86.582	31.318	35	0.2
71.38	36.405	113.1	0.2
81.199	29.368	10	0.2
70.599	35.711	117.4	0.2
96.61	25.399	32.1	0.2
74.131	38.132	156.1	0.2
88.098	38.745	10	0.2
71.2	36.476	90.2	0.2
88.2	27.22	25	0.2
67.566	30.492	11.6	0.2
67.584	30.538	10	0.2
72.052	37.512	119.1	0.2
81.479	29.46	37.1	0.2
92.337	26.117	62	0.2
71.133	36.423	208.3	0.2
69.257	37.535	22.8	0.2
69.683	35.949	112.4	0.2
69.216	36.167	50.2	0.2
95.729	37.56	10	0.2
73.698	34.108	26	0.2
78.444	31.832	10	0.2
71.909	37.178	144.8	0.2
92.994	26.953	35	0.2
92.818	26.879	36.8	0.2
76.632	32.471	10	0.2
76.507	32.401	19.1	0.2
95.837	37.589	23.2	0.2
69.211	36.277	30.3	0.2
96.682	25.459	42.8	0.2
71.325	36.513	98.6	0.2
88.642	27.33	42.2	0.2
70.133	30.034	10	0.2
71.442	36.697	192.4	0.2
74.272	39.23	48	0.2
78.717	36.824	13.6	0.2
78.787	36.891	41.1	0.2
96.895	25.175	35	0.2
82.022	28.848	10	0.2
82.69	28.47	28.4	0.2
92.57	26.599	48.9	0.2
82.501	35.827	10	0.2
82.505	35.624	6.3	0.2
73.663	34.849	27.5	0.2
78.154	39.963	21.7	0.2
86.74	28.456	70.2	0.2
94.846	30.317	10	0.2
94.855	30.335	24.4	0.2
77.712	35.804	72.7	0.2
94.849	30.352	24.1	0.2
96.324	26.103	55.6	0.2
96.311	26.055	43.8	0.2
75.556	39.774	52.3	0.2
80.647	29.921	16.5	0.2
74.008	38.313	130.7	0.2
69.256	36.058	16.2	0.2
69.405	36.065	10	0.2
88.041	29.951	29.4	0.2
94.48	25.424	52.1	0.2
71.17	36.518	167.6	0.2
90.663	27.074	35	0.2
96.529	25.347	31	0.2
88.011	29.914	10	0.2
96.393	28.638	43.1	0.2
69.454	37.835	18.3	0.2
69.401	36.039	29.1	0.2
84.126	28.4	20.1	0.2
75.194	39.803	47.5	0.2
83.466	30.822	35	0.2
71.357	36.424	106.2	0.2
72.804	33.878	48.4	0.2
77.11	37.948	31.4	0.2
87.016	33.629	8.1	0.2
69.618	34.509	10	0.2
71.702	37.23	148.1	0.2
89.427	38.306	10	0.2
92.889	26.175	43.3	0.2
70.711	36.347	144.8	0.2
82.554	36.422	10	0.2
77.095	39.968	43.3	0.2
70.13	36.527	211.6	0.2
82.386	34.383	34.1	0.2
71.909	37.537	109.5	0.2
71.287	36.496	229.5	0.2
87.777	26.087	28.8	0.2
70.91	36.124	86.8	0.2
69.642	38.904	15.3	0.2
94.873	29.434	35	0.2
71.489	36.427	103.6	0.2
73.091	36.674	10	0.2
93.868	38.179	10	0.2
81.819	34.194	20.6	0.2
76.649	28.809	10	0.2
83.461	33.977	10.4	0.2
74.38	39.75	42.5	0.2
91.237	27.447	53.6	0.2
74.371	39.702	43.3	0.2
79.835	35.84	10	0.2
79.717	35.723	10	0.2
79.603	35.702	10	0.2
70.952	32.298	57.7	0.2
82.787	32.388	21.9	0.2
70.892	36.378	177.1	0.2
68.976	36.079	35	0.2
94.253	26.146	52.3	0.2
78.282	30.986	6.2	0.2
70.688	36.518	145.6	0.2
71.371	36.389	104.7	0.2
70.512	36.009	100.9	0.2
95.153	25.203	105.3	0.2
77.346	35.776	62.9	0.2
70.762	38.659	43.5	0.2
70.28	36.478	228.2	0.2
70.888	36.414	174.1	0.2
68.301	28.855	10	0.2
86.389	31.868	35	0.2
70.857	36.492	202.2	0.2
71.58	36.383	115.8	0.2
94.384	39.463	10	0.2
71.165	36.427	148.4	0.2
94.305	39.425	10	0.2
92.886	32.554	16.5	0.2
71.833	37.498	121.4	0.2
76.888	38.31	31.5	0.2
83.823	31.804	6.7	0.2
97.602	25.2	35.3	0.2
74.504	37.788	64.5	0.2
71.355	36.363	77.5	0.2
72.205	37.337	211.9	0.2
97.503	30.163	48.9	0.2
97.418	30.118	48.4	0.2
71.781	39.393	27.2	0.2
71.372	36.44	87.5	0.2
68.781	36.723	44.5	0.2
81.607	35.436	2.4	0.2
72.882	39.426	41.5	0.2
87.311	38.293	18.4	0.2
70.416	38.708	24.4	0.2
68.647	36.612	13.8	0.2
71.951	38.544	48.4	0.2
76.701	36.591	81.7	0.2
69.445	34.444	11.8	0.2
70.243	34.549	38.6	0.2
88.452	27.353	28.2	0.2
88.583	27.52	40.1	0.2
82.51	36.358	17.8	0.2
89.747	34.891	32.5	0.2
70.696	38.98	30	0.2
70.415	32.8	10	0.2
70.891	36.324	174.4	0.2
70.727	36.445	202.4	0.2
78.997	38.616	10	0.2
71.613	36.473	117.5	0.2
71.178	36.387	90.4	0.2
76.858	33.095	14.6	0.2
70.86	36.45	165.5	0.2
69.598	38.516	21.3	0.2
69.894	36.704	35	0.2
69.419	36.362	34.6	0.2
95.69	37.66	10	0.2
71.201	36.905	81.5	0.2
71.103	36.35	101.6	0.2
87.574	33.739	13.6	0.2
71.11	36.238	97.5	0.2
70.166	36.519	202.1	0.2
73.224	39.413	38.4	0.2
95.948	32.447	29.3	0.2
89.329	33.928	39.2	0.2
89.224	33.907	35	0.2
72.499	39.214	52.1	0.2
98.721	25.075	39	0.2
79.338	30.61	14.3	0.2
73.038	36.202	57.8	0.2
72.354	32.302	47.6	0.2
88.019	27.529	45.7	0.2
98.79	25.062	34.5	0.2
74.845	39.401	32.3	0.2
71.196	36.585	227.3	0.2
71.031	36.636	241.9	0.2
71.012	36.593	232.1	0.2
80.433	30.323	25.4	0.2
72.175	36.232	89.9	0.2
68.759	37.832	21.5	0.2
89.58	34.29	15.1	0.2
75.964	38.203	119.5	0.2
70.975	36.625	77.2	0.2
80.754	29.698	26.1	0.2
72.895	38.017	131.3	0.2
76.714	36.606	87.4	0.2
70.984	36.486	180.4	0.2
76.491	36.281	76.7	0.2
71.819	37.338	10	0.2
69.51	36.153	20.8	0.2
70.553	36.271	192.2	0.2
70.533	36.499	208.4	0.2
75.332	39.034	43.3	0.2
69.526	36.352	24.4	0.2
96.326	26.114	59.1	0.2
73.856	39.54	59.8	0.2
73.186	36.243	53.7	0.2
82.132	36.085	3.9	0.2
68.558	36.785	16.9	0.2
91.626	38.899	10	0.2
72.252	39.322	39.8	0.2
71.054	36.147	77.4	0.2
69.611	35.403	48.2	0.2
75.283	37.509	42.9	0.2
68.968	36.194	28.4	0.2
75.251	39.442	10	0.2
86.454	30.797	8.4	0.2
86.508	30.942	21.9	0.2
71.014	36.388	142.3	0.2
73.679	38.391	124.3	0.2
70.952	36.511	194.4	0.2
69.661	32.344	53.6	0.2
69.462	30.424	28	0.2
70.083	31.53	14.1	0.2
72.86	39.358	10	0.2
90.329	29.775	10	0.2
73.036	38.275	102.6	0.2
94.174	28.469	35.6	0.2
69.762	38.55	43.3	0.2
69.63	38.58	28.4	0.2
70.458	34.549	34.1	0.2
67.117	30.178	27	0.2
70.895	36.746	252.5	0.2
73.649	25.23	13.5	0.2
70.928	36.622	213.6	0.2
87.506	36.636	10	0.2
71.207	36.411	99.8	0.2
71.21	36.492	146.6	0.2
92.896	28.397	79.4	0.2
71.101	36.517	187.7	0.2
99.567	30.114	20	0.2
73.232	37.127	55	0.2
85.677	28.487	41.1	0.2
72.887	33.869	33.2	0.2
72.458	39.273	61.7	0.2
72.823	38.904	10	0.2
70.266	39.229	30.9	0.2
90.961	33.603	48.6	0.2
70.285	39.154	3.6	0.2
69.587	29.715	10	0.2
69.674	38.493	35	0.2
69.781	32.944	35	0.2
75.368	33.718	25.8	0.2
96.312	33.279	2.4	0.2
73.782	39.376	10	0.2
73.84	39.453	10	0.2
95.176	25.148	111.6	0.2
70.491	36.101	65.2	0.2
71.251	36.508	226.1	0.2
71.817	39.321	13	0.2
94.842	30.378	38.2	0.2
94.829	30.309	44.8	0.2
96.998	26.329	25.8	0.2
69.637	38.452	23.7	0.2
74.153	38.102	172.4	0.2
70.456	36.413	209.5	0.2
94.91	30.332	36.3	0.2
94.927	30.437	10	0.2
94.84	30.316	35	0.2
94.887	30.305	42.3	0.2
86.981	29.318	42.3	0.2
79.608	30.075	13.1	0.2
80.397	29.841	32.8	0.2
80.538	31.064	10	0.2
80.375	29.854	11.6	0.2
70.449	38.899	60.1	0.2
70.931	36.517	212	0.2
71.355	36.536	91.4	0.2
71.655	37.116	125.6	0.2
80.428	29.872	16.3	0.2
71.519	37.191	50.4	0.2
71.553	37.146	47.3	0.2
70.306	36.046	87.6	0.2
71.977	38.571	56.4	0.2
81.486	29.547	10	0.2
81.446	29.587	19	0.2
71.142	36.269	119.6	0.2
74.846	39.865	28.6	0.2
91.46	32.784	35	0.2
96.181	33.298	49.1	0.2
70.17	36.501	220.6	0.2
76.951	36.639	85.5	0.2
96.087	33.3	10	0.2
96.15	33.335	24.2	0.2
69.819	29.116	10	0.2
80.956	34.559	2	0.2
96.501	25.048	29.9	0.2
69.79	37.78	46.1	0.2
71.404	36.226	102.8	0.2
77.839	31.135	18.8	0.2
70.714	36.421	206.5	0.2
90.36	29.664	10	0.2
71.451	36.659	176.2	0.2
74.015	38.332	124.9	0.2
71.106	36.506	153.3	0.2
71.328	33.108	50.6	0.2
71.544	37.097	60.3	0.2
96.437	33.213	47.9	0.2
96.503	33.197	28.7	0.2
73.922	39.604	45.4	0.2
75.179	35.161	47.7	0.2
76.923	35.99	102.1	0.2
95.7	37.607	10	0.2
67.611	35.716	9.2	0.2
67.677	35.808	10.3	0.2
92.826	32.514	35	0.2
96.647	33.061	10	0.2
92.794	32.461	24.2	0.2
96.946	33.017	10	0.2
76.64	39.964	59.5	0.2
96.617	33.071	10	0.2
96.546	33.126	10	0.2
96.814	32.892	10	0.2
96.86	32.925	22.8	0.2
96.712	33.16	10	0.2
70.026	34.172	31.1	0.2
69.586	36.097	114.8	0.2
95.718	37.568	10	0.2
69.541	30.088	35	0.2
92.826	32.516	19.7	0.2
74.618	37.463	49.4	0.2
74.63	37.487	50.1	0.2
81.759	34.334	37.2	0.2
81.953	30.64	29.5	0.2
81.875	30.531	17.8	0.2
74.498	35.303	43.6	0.2
75.71	34.292	56.6	0.2
86.966	36.426	10	0.2
95.847	34.982	32.1	0.2
72.412	37.736	206.9	0.2
71.578	36.862	109.2	0.2
86.745	28.474	89.1	0.2
91.191	35.405	10	0.2
93.282	25.818	53.9	0.2
80.034	30.069	10	0.2
70.702	35.972	105.4	0.2
74.977	39.488	55	0.2
72.691	39.314	6.1	0.2
71.309	36.758	93	0.2
71.481	36.525	93.4	0.2
88.22	35.548	14.3	0.2
70.893	36.041	104.7	0.2
67.49	39.479	10	0.2
80.557	29.744	35	0.2
70.449	38.031	35	0.2
85.273	32.384	54.1	0.2
71.467	38.245	47	0.2
83.791	30.646	10	0.2
99.866	26.29	10	0.2
91.51	27.319	10	0.2
71.244	36.275	102.6	0.2
71.086	35.46	121.5	0.2
96.644	37.526	10	0.2
71.721	36.397	103.4	0.2
92.841	32.641	10	0.2
88.568	33.197	54.7	0.2
77.352	35.778	72.2	0.2
81.536	35.256	49	0.2
70.023	35.915	88	0.2
83.448	30.762	19	0.2
90.876	38.573	10	0.2
92.823	27.647	44.4	0.2
79.304	36.924	10	0.2
72.976	39.514	43.6	0.2
69.725	38.456	31.9	0.2
86.008	29.49	5.7	0.2
95.759	37.645	3	0.2
70.02	34.181	30.4	0.2
90.018	26.548	30.4	0.2
91.417	27.262	26	0.2
80.38	34.848	23	0.2
99.457	34.898	38.8	0.2
92.135	35.178	10	0.2
71.377	36.989	94.1	0.2
70.704	38.786	35	0.2
79.849	29.996	36.1	0.2
96.066	39.494	10	0.2
83.49	30.888	10	0.2
95.928	35.822	30.5	0.2
73.569	37.951	201.9	0.2
79.057	30.879	52.3	0.2
70.736	36.476	199.9	0.2
95.604	37.651	6.5	0.2
95.593	37.653	5.1	0.2
95.631	37.596	10.2	0.2
73.604	39.599	35	0.2
95.944	37.636	10	0.2
95.907	37.646	10	0.2
70.727	36.446	195.4	0.2
82.022	34.233	46.2	0.2
95.625	37.684	10	0.2
95.88	37.68	10	0.2
95.936	37.689	10	0.2
95.887	37.643	10	0.2
96.022	37.644	10	0.2
95.101	25.28	82.2	0.2
95.651	37.672	10	0.2
95.717	37.641	10	0.2
95.783	37.688	10	0.2
95.729	37.701	10	0.2
95.602	37.709	10	0.2
95.761	37.668	12.1	0.2
95.792	37.663	10	0.2
70.766	38.981	58.7	0.2
94.51	37.607	10	0.2
92.47	26.556	10	0.2
81.647	35.578	10	0.2
74.072	39.702	35	0.2
73.219	34.899	49.1	0.2
76.709	32.716	35	0.2
71.081	36.444	248.3	0.2
71.782	37.469	124.7	0.2
73.446	39.589	39.9	0.2
90.073	35.889	10	0.2
91.884	39.031	10	0.2
86.314	30.996	10	0.2
81.906	32.826	10	0.2
81.755	32.776	7.2	0.2
73.687	39.637	56.8	0.2
70.648	38.858	56	0.2
77.538	36.267	99.3	0.2
75.787	33.198	20.8	0.2
71.053	36.636	238.2	0.2
67.687	38.234	19.4	0.2
72.125	37.814	106.5	0.2
70.981	36.598	222.4	0.2
71.647	39.275	54.2	0.2
74.122	39.668	35	0.2
71.097	36.126	96	0.2
75.343	39.019	53	0.2
95.098	25.324	104.8	0.2
70.056	34.106	4	0.2
70.076	34.185	5.9	0.2
99.907	25.961	40.3	0.2
99.944	25.967	42.1	0.2
70.967	36.514	184	0.2
70.749	27.143	44.3	0.2
71.086	36.289	108.2	0.2
73.095	34.771	13.3	0.2
82.436	33.59	35	0.2
82.446	33.716	51.9	0.2
82.437	33.659	10	0.2
71.484	36.558	152.5	0.2
67.238	25.911	27.4	0.2
77.091	36.12	20	0.2
68.474	30.154	35.5	0.2
71.279	36.307	150	0.2
78.016	36.102	106.9	0.2
71.588	38.072	2.9	0.2
67.776	30.518	10	0.2
74.345	39.429	14.2	0.2
72.134	38.224	10	0.2
81.433	35.317	10	0.2
74.188	38.242	140.9	0.2
94.67	25.836	33	0.2
73.9	34.203	12	0.2
83.857	30.667	35	0.2
71.102	36.625	223.5	0.2
75.62	38.781	53.5	0.2
70.848	36.584	74.8	0.2
73.482	34.398	8.7	0.2
71.183	36.195	110.8	0.2
72.241	38.181	20	0.2
71.79	36.919	117.2	0.2
70.462	36.461	195.2	0.2
72.039	37.086	137.9	0.2
69.932	35.869	91.5	0.2
70.405	36.483	205.6	0.2
69.97	35.914	86.2	0.2
73.535	39.476	0.7	0.2
72.344	35.874	41.8	0.2
92.756	27.692	19.7	0.2
71.246	35.989	95.7	0.2
70.963	36.508	196.5	0.2
71.108	36.431	143.6	0.2
71.943	37.246	197.6	0.2
88.631	27.235	49.2	0.2
70.753	36.409	201.9	0.2
71.407	35.962	74.4	0.2
71.927	37.088	132.2	0.2
96.449	36.755	17.9	0.2
72.31	37.454	192	0.2
71.348	36.351	96.9	0.2
71.321	36.45	136.3	0.2
70.505	36.46	191	0.2
81.373	35.267	33.3	0.2
81.255	35.189	10	0.2
81.409	35.313	10	0.2
67.64	30.306	10	0.2
71.447	36.414	90.7	0.2
67.448	30.393	10	0.2
67.555	30.342	10	0.2
82.051	29.948	35.6	0.2
71.968	37.068	129	0.2
72.269	37.102	110.3	0.2
95.757	37.603	10	0.2
71.077	36.616	212.5	0.2
88.051	27.373	24.7	0.2
69.262	35.975	10	0.2
67.406	30.424	10.8	0.2
88.226	29.19	11.6	0.2
67.553	30.663	26.1	0.2
95.926	37.574	10	0.2
95.84	37.539	10	0.2
95.762	37.558	10	0.2
67.756	30.427	10	0.2
70.204	36.482	212.5	0.2
69.56	38.57	23.9	0.2
70.935	36.555	225.5	0.2
74.011	39.373	35	0.2
74.017	39.478	35	0.2
67.761	30.326	10	0.2
67.673	30.382	10	0.2
73.299	38.12	102.9	0.2
74.055	39.444	20	0.2
67.665	30.403	10	0.2
71.041	36.318	116.3	0.2
67.656	30.455	10	0.2
67.442	30.538	10	0.2
73.451	39.462	10	0.2
67.561	30.277	10	0.2
67.5	30.299	10	0.2
67.6	30.381	10	0.2
67.766	30.313	10	0.2
67.623	30.265	10	0.2
67.458	30.341	10	0.2
67.532	30.377	10	0.2
67.607	30.326	10	0.2
67.658	30.462	10	0.2
67.619	30.315	10	0.2
67.364	30.56	10	0.2
67.684	30.42	10	0.2
67.444	30.563	10	0.2
73.934	39.42	17.8	0.2
92.776	33.85	25.2	0.2
91.262	35.343	8.8	0.2
71.816	37.038	119	0.2
73.845	39.357	16.1	0.2
70.338	38.559	10	0.2
73.814	39.5	35	0.2
73.646	39.514	35	0.2
73.858	39.58	35	0.2
71.001	36.187	122.7	0.2
90.59	29.797	10	0.2
73.91	39.522	35	0.2
90.361	29.684	10	0.2
73.915	39.414	35	0.2
73.559	39.541	38.4	0.2
90.328	29.757	9	0.2
73.824	39.342	29.6	0.2
71.949	37.019	119.3	0.2
71.522	36.618	172	0.2
73.553	39.291	35	0.2
90.631	29.77	10	0.2
91.048	29.752	24.5	0.2
90.464	29.764	10	0.2
90.32	29.653	10	0.2
90.42	29.806	10	0.2
73.847	39.409	35	0.2
90.461	29.752	10	0.2
90.435	29.773	10	0.2
90.44	29.748	10	0.2
90.401	29.643	10	0.2
73.977	39.401	35	0.2
74.099	39.359	35	0.2
73.689	39.454	35	0.2
73.727	39.52	35	0.2
73.724	39.694	35.8	0.2
73.92	39.431	35	0.2
73.862	39.375	35	0.2
73.924	39.451	35	0.2
73.863	39.545	29.2	0.2
73.795	39.382	35	0.2
73.861	39.361	35	0.2
70.787	38.7	60.8	0.2
70.982	36.633	223.8	0.2
70.9	36.614	186.1	0.2
76.099	37.427	122.5	0.2
83.482	30.884	10	0.2
71.253	36.153	99.6	0.2
71.02	36.487	201	0.2
71.384	36.224	102.4	0.2
70.949	36.241	106.2	0.2
73.7	36.086	56.8	0.2
73.457	38.313	146.1	0.2
71.275	36.491	219.8	0.2
70.576	36.605	174.4	0.2
71.046	36.589	250.5	0.2
69.169	36.093	118.9	0.2
83.397	30.795	7.3	0.2
83.427	30.759	10	0.2
83.591	30.783	10	0.2
71.286	36.409	107	0.2
71.291	36.536	230.4	0.2
80.349	30.279	10	0.2
68.928	37.328	1.6	0.2
83.44	30.755	10	0.2
83.386	30.734	10	0.2
83.358	30.666	31.8	0.2
83.512	30.796	10	0.2
83.284	30.659	10	0.2
83.311	30.688	10	0.2
91.406	31.653	13.1	0.2
83.473	30.928	21.4	0.2
83.285	30.634	10	0.2
83.273	30.506	10	0.2
83.514	30.981	26	0.2
83.523	30.831	10	0.2
83.38	30.797	10	0.2
83.377	30.712	10	0.2
76.945	36.665	96.8	0.2
97.919	25.051	45.5	0.2
91.92	33.628	10	0.2
71.472	36.547	90.7	0.2
91.931	32.257	10	0.2
92.048	33.157	14.1	0.2
83.934	31.812	10	0.2
70.404	36.471	204.8	0.2
91.969	33.118	10	0.2
70.388	35.496	84.1	0.2
85.173	32.288	17.3	0.2
71.53	36.705	167.4	0.2
95.204	29.93	10	0.2
71.084	36.656	204.5	0.2
72.19	37.27	145.4	0.2
70.508	36.142	127	0.2
87.093	37.74	10	0.2
92.079	33.171	20.3	0.2
95.542	39.4	2	0.2
69.561	35.294	10	0.2
71.34	36.85	101.4	0.2
69.583	35.397	31.5	0.2
73.176	39.517	49.1	0.2
95.33	25.972	72	0.2
81.177	35.164	10	0.2
96.321	29.325	35	0.2
71.872	39.405	32.7	0.2
88.36	35.777	10	0.2
88.307	35.658	10	0.2
88.343	35.711	10	0.2
71.899	36.149	120.4	0.2
96.585	25.38	35	0.2
68.584	29.677	30.8	0.2
70.234	36.474	222.9	0.2
92.099	33.305	36.5	0.2
92.016	33.205	44.4	0.2
92.153	33.29	10	0.2
91.27	35.289	10	0.2
70.744	36.425	193.1	0.2
81.083	29.459	29	0.2
92.09	33.159	10	0.2
92.087	33.242	10	0.2
92.081	33.176	10	0.2
91.945	33.116	10	0.2
91.961	33.182	10	0.2
85.243	32.447	10	0.2
92.116	33.169	10	0.2
70.69	36.497	195.4	0.2
71.538	36.613	146.7	0.2
72.146	37.347	224.2	0.2
71.812	37.04	153.5	0.2
71.063	36.48	163	0.2
70.948	36.5	188.8	0.2
81.629	35.677	10	0.2
70.607	36.439	195.6	0.2
70.748	36.408	218.1	0.2
77.237	36.857	112.3	0.2
81.261	35.101	10	0.2
71.596	37.197	110.6	0.2
72.714	38.147	110.5	0.2
85.227	32.625	10	0.2
81.158	35.022	10	0.2
71.201	36.628	219.7	0.2
92.244	26.07	43.8	0.2
70.575	36.623	180.8	0.2
85.214	32.455	10	0.2
74.96	39.345	10	0.2
70.886	36.548	217.4	0.2
71.949	37.166	153.5	0.2
96.915	26.106	30.2	0.2
70.858	36.344	134.2	0.2
71.259	36.622	179.4	0.2
71.608	36.35	96.5	0.2
87.691	33.045	11.6	0.2
81.715	35.696	10	0.2
71.072	36.502	200.2	0.2
81.644	35.6	10	0.2
81.497	35.392	10	0.2
81.595	35.696	10	0.2
81.673	35.754	10	0.2
71.26	36.164	95.9	0.2
81.382	35.267	10	0.2
81.097	34.991	37.6	0.2
81.573	35.628	10	0.2
81.677	35.719	11.1	0.2
81.338	35.299	10	0.2
81.365	35.217	10	0.2
81.724	35.685	21.9	0.2
81.67	35.657	10	0.2
81.582	35.604	10	0.2
81.628	35.445	12.4	0.2
81.478	35.497	10	0.2
81.015	35.106	10	0.2
81.44	35.314	10	0.2
81.371	35.491	10	0.2
81.538	35.42	10	0.2
81.415	35.595	10	0.2
81.59	35.419	10	0.2
81.466	35.325	10	0.2
81.309	35.167	10	0.2
81.022	35.267	10	0.2
81.601	35.319	10	0.2
81.409	35.457	10	0.2
81.398	35.505	10	0.2
81.531	29.76	10	0.2
71.16	36.669	210.6	0.2
96.977	27.133	17.2	0.2
73.29	34.609	18.7	0.2
71.776	37.076	122.9	0.2
72.056	37.226	118.3	0.2
71.959	37.077	155.5	0.2
70.925	36.461	193.4	0.2
71.234	36.536	203	0.2
71.155	36.454	102.4	0.2
95.123	32.047	35.9	0.2
70.181	36.494	214.2	0.2
94.975	31.959	49.8	0.2
85.425	32.428	10	0.2
85.144	32.364	10	0.2
85.262	32.349	5.4	0.2
85.143	32.168	10	0.2
85.462	32.437	10	0.2
70.767	36.428	204.8	0.2
73.233	37.97	59.9	0.2
95.963	29.052	53.8	0.2
71.105	36.111	114.7	0.2
85.418	32.343	10	0.2
85.382	32.387	10	0.2
70.981	36.54	194.4	0.2
85.146	32.312	10	0.2
85.361	32.301	10	0.2
85.186	32.436	19.7	0.2
85.147	32.293	10	0.2
71.077	36.456	196.2	0.2
70.305	36.425	217.8	0.2
84.534	36.408	40	0.2
70.954	36.401	187.6	0.2
69.953	31.074	44	0.2
67.987	38.29	45.7	0.2
69.942	30.583	26.1	0.2
75.118	39.451	56.4	0.2
98.25	30.107	35	0.2
70.295	36.563	206.8	0.2
72	37.135	179.6	0.2
71.182	36.493	214.8	0.2
77.478	34.99	15.5	0.2
71.18	36.574	194.9	0.2
90.907	38.594	23.7	0.2
71.058	36.623	203.6	0.2
70.204	30.063	19.2	0.2
71.974	37.167	137.1	0.2
71.097	36.529	103.1	0.2
71.025	36.591	245.7	0.2
71.734	36.422	113	0.2
70.828	36.509	185.5	0.2
77.057	28.555	10	0.2
69.524	29.652	35	0.2
69.854	36.225	134.2	0.2
73.772	38.592	112	0.2
92.296	29.318	10	0.2
88.489	35.801	10	0.2
80.047	36.674	43.1	0.2
68.604	29.541	25	0.2
71.226	36.241	110.1	0.2
71.417	37.965	10	0.2
73.332	35.429	52.6	0.2
95.481	29.387	24.3	0.2
71.459	36.601	169.1	0.2
73.264	38.155	131.3	0.2
70.862	36.458	174.7	0.2
85.38	27.945	16.1	0.2
70.367	36.449	214.1	0.2
76.753	35.304	10	0.2
70.714	39.499	10	0.2
77.614	27.794	10	0.2
71.153	36.683	220.5	0.2
71.097	36.158	179.2	0.2
76.336	32.685	10	0.2
72.421	37.427	200.8	0.2
71.184	36.583	242.2	0.2
69.722	36.315	133.7	0.2
86.326	38.047	11.9	0.2
72.182	37.601	126.5	0.2
70.351	36.588	210.5	0.2
69.792	30.612	20	0.2
71.463	36.231	90	0.2
72.211	37.28	218	0.2
70.77	36.446	207.6	0.2
97.83	39.218	10	0.2
70.105	36.616	268.5	0.2
71.968	37.12	159.9	0.2
71.348	36.166	87.5	0.2
89.214	30.033	15.1	0.2
69.821	37.93	35	0.2
72.047	37.244	164	0.2
71.37	36.485	225.2	0.2
71.351	36.951	128.2	0.2
71.084	36.571	229.5	0.2
73.207	34.769	55.1	0.2
87.737	27.344	35	0.2
71.718	37.093	117	0.2
82.008	34.377	53.6	0.2
71.978	37.545	109.9	0.2
71.416	39.107	11.2	0.2
71.311	36.309	109.1	0.2
76.782	36.349	83.9	0.2
69.98	39.829	35	0.2
77.177	39.588	54.8	0.2
77.194	39.577	40.3	0.2
70.445	35.501	133.1	0.2
70.364	36.077	125.5	0.2
78.239	30.881	19	0.2
70.485	38.936	10	0.2
81.969	34.084	10	0.2
71.238	36.443	103.7	0.2
70.743	36.485	212.7	0.2
88.628	31.765	51.1	0.2
70.957	36.453	214.6	0.2
74.516	39.698	48.5	0.2
71.797	37.211	131.2	0.2
96.581	25.429	52.7	0.2
70.515	38.605	40.7	0.2
67.899	35.784	10	0.2
94.24	25.946	15.4	0.2
71.129	36.622	223	0.2
71.727	36.659	112.4	0.2
70.769	36.43	193	0.2
68.903	37.296	31.1	0.2
70.972	36.541	104.9	0.2
71.953	36.929	154.7	0.2
72.277	37.407	197.2	0.2
75.831	38.107	120.9	0.2
71.367	36.664	185.4	0.2
71.441	36.357	110.1	0.2
73.684	34.249	15	0.2
69.848	35.489	16.3	0.2
90.738	32.963	57.4	0.2
81.927	34.043	10	0.2
71.384	36.273	104.1	0.2
71.194	36.527	204.6	0.2
88.236	27.334	42.8	0.2
88.147	27.276	15.4	0.2
80.961	35.035	50.2	0.2
70.913	36.466	204	0.2
72.176	37.178	200.2	0.2
81.871	34.242	30.4	0.2
97.787	31.355	12.1	0.2
82.101	34.057	10	0.2
81.842	34.227	10	0.2
81.989	33.963	10	0.2
81.889	34.072	13.3	0.2
81.942	34.126	13.5	0.2
89.982	34.674	48.6	0.2
81.841	34.179	10	0.2
82.042	34.251	10	0.2
81.858	34.234	10	0.2
97.834	38.414	10	0.2
97.978	33.084	20.5	0.2
70.497	36.447	203.9	0.2
71.448	36.525	48.3	0.2
70.919	36.163	124.1	0.2
70.933	36.474	212.6	0.2
69.005	30.377	10	0.2
71.385	36.639	181.7	0.2
72.939	39.56	35	0.2
74.767	39.259	16.5	0.2
72.772	39.279	9.1	0.2
71.393	36.539	183.9	0.2
72.21	37.54	207.5	0.2
69.499	36.259	160.4	0.2
89.421	35.689	40.4	0.2
72.069	37.554	82.9	0.2
71.702	36.797	150	0.2
70.83	36.235	167.3	0.2
71.624	39.222	55.3	0.2
89.41	35.638	44.6	0.2
89.433	35.623	35.3	0.2
69.302	36.517	32.2	0.2
70.859	36.503	184.6	0.2
81.144	29.44	5.8	0.2
69.09	36.438	10	0.2
70.9	36.468	179.5	0.2
71.508	36.226	104.3	0.2
72.844	37.834	135.6	0.2
90.661	33.191	35	0.2
70.492	36.413	211.3	0.2
70.907	36.559	199.4	0.2
71.753	37.244	123.7	0.2
71.667	37.009	115.6	0.2
72.116	37.306	204.8	0.2
69.199	38.502	37.9	0.2
70.991	36.451	189.9	0.2
72.971	36.728	53.8	0.2
78.582	32.098	35	0.2
91.768	37.688	10	0.2
71.373	38.965	35	0.2
70.265	39.822	10	0.2
72.265	37.43	197.8	0.2
82.73	31.038	10	0.2
74.171	35.891	55	0.2
71.103	36.319	107.2	0.2
74.544	39.607	35	0.2
71.251	36.367	227.3	0.2
72.68	38.551	97.2	0.2
70.602	36.417	197.9	0.2
70.127	36.385	195.7	0.2
70.883	36.277	208.6	0.2
73.404	38.167	144.6	0.2
69.987	36.701	10	0.2
70.94	38.662	35	0.2
71.322	36.564	247	0.2
80.521	29.76	6.6	0.2
72.197	37.597	116.4	0.2
73.672	38.422	142.2	0.2
71.476	39.436	55.4	0.2
81.569	29.49	27.7	0.2
70.207	36.289	194	0.2
76.601	36.658	105.7	0.2
78.225	35.472	14.9	0.2
89.783	35.272	10	0.2
71.143	36.366	145.9	0.2
77.46	39.352	10	0.2
70.69	36.532	225.6	0.2
70.196	36.288	163.4	0.2
69.22	38.246	10	0.2
67.9	29.568	32.9	0.2
72.123	37.392	182	0.2
72.566	37.628	152.1	0.2
71.274	36.627	232.8	0.2
70.85	36.266	66.6	0.2
71.239	36.375	135.4	0.2
80.41	34.774	15.1	0.2
71.401	36.727	171.6	0.2
68.73	37.364	10	0.2
68.808	37.13	10	0.2
71.401	36.116	87.2	0.2
70.232	36.349	198.1	0.2
69.882	36.297	114.3	0.2
96.033	33.062	10	0.2
96.208	32.974	15.7	0.2
96.208	32.978	10	0.2
70.77	36.63	198.8	0.2
69.303	33.937	33.3	0.2
69.995	36.853	10.1	0.2
73.971	34.946	47.9	0.2
71.711	39.152	10	0.2
71.795	39.161	10	0.2
71.507	39.229	10	0.2
71.262	36.163	79.3	0.2
71.213	36.727	10	0.2
70.673	36.189	189.5	0.2
70.968	36.455	194.7	0.2
72.549	37.648	194.9	0.2
98.939	30.726	40.5	0.2
67.336	36.56	20	0.2
96.858	26.209	27.2	0.2
76.241	33.148	66.8	0.2
95.756	26.029	106.3	0.2
80.998	29.504	17.6	0.2
94.97	30.347	38.7	0.2
73.136	34.6	10	0.2
95.653	35.255	35	0.2
92.242	26.788	10	0.2
68.46	29.294	10	0.2
68.428	29.345	10	0.2
73.798	34.789	10	0.2
73.747	34.756	12	0.2
73.197	34.615	13.5	0.2
70.144	36.482	170.3	0.2
73.887	33.129	10	0.2
95.032	31.854	61.8	0.2
70.82	36.435	177.3	0.2
95.079	31.694	10	0.2
89.665	35.409	10	0.2
73.597	34.408	10	0.2
89.541	35.286	5.6	0.2
89.598	35.28	10	0.2
91.632	26.863	10	0.2
95.053	31.715	5.4	0.2
81.383	33.64	49.2	0.2
88.388	27.382	30	0.2
73.746	34.337	10	0.2
92.145	27.233	49.3	0.2
74.283	38.049	179.5	0.2
73.276	34.793	10	0.2
86.383	27.245	14.3	0.2
73.177	34.678	10	0.2
80.483	30.288	50.6	0.2
73.858	34.197	10	0.2
91.163	33.864	10	0.2
69.597	34.649	57.3	0.2
69.789	36.001	126	0.2
73.396	38.126	132.1	0.2
85.01	31.44	37.3	0.2
70.774	36.337	208.7	0.2
87.773	34.526	10	0.2
78.581	32.791	10	0.2
71.518	39.087	34.7	0.2
73.927	34.083	10	0.2
71.591	39.351	79	0.2
73.672	39.509	3	0.2
93.957	36.576	10	0.2
75.839	39.962	57.2	0.2
70.292	31.805	10	0.2
96.197	25.01	12	0.2
73.39	34.735	10	0.2
73.351	34.611	10	0.2
70.663	36.467	204.3	0.2
69.461	36.173	35	0.2
73.298	34.585	10	0.2
73.237	34.621	10	0.2
93.296	35.829	21.5	0.2
73.933	34.921	10	0.2
79.255	30.476	44	0.2
72.548	39.219	35	0.2
72.368	39.449	35	0.2
82.021	29.278	35	0.2
82.344	29.172	10	0.2
71.272	36.333	35	0.2
71.383	36.866	85.8	0.2
70.34	29.985	10	0.2
73.124	34.702	10	0.2
70.116	36.167	126.2	0.2
99.115	30.921	1	0.2
71.275	36.462	245.6	0.2
68.285	30.255	10	0.2
73.011	34.695	10	0.2
99.818	30.11	21.7	0.2
73.126	34.65	10	0.2
73.13	34.709	10	0.2
96.379	26.466	90.7	0.2
70.182	36.481	208.6	0.2
75.563	34.507	10	0.2
69.057	29.331	10	0.2
71.301	34.876	10	0.2
73.385	34.52	10	0.2
81.868	29.731	49.5	0.2
73.183	34.707	10	0.2
84.863	28.39	10	0.2
81.857	29.731	47.1	0.2
88.748	33.888	50.2	0.2
81.577	29.525	48.5	0.2
88.881	33.896	9.4	0.2
73.628	34.421	10	0.2
73.196	34.661	10	0.2
73.928	34.206	16.2	0.2
81.208	30.146	49.9	0.2
73.145	34.794	10	0.2
73.09	34.826	10	0.2
73.031	34.821	10	0.2
73.042	34.854	10	0.2
73.262	34.673	3.7	0.2
96.05	25.568	102.8	0.2
67.55	31.961	10	0.2
71.457	36.971	101.9	0.2
73.227	34.705	10	0.2
73.106	34.737	10	0.2
73.045	34.61	10	0.2
73.055	34.755	10	0.2
72.985	34.786	10	0.2
73.087	34.763	10	0.2
73.192	34.838	10	0.2
73.93	33.954	10	0.2
74.003	34.014	10	0.2
73.122	34.833	10	0.2
69.539	38.63	10	0.2
73.597	34.562	10	0.2
73.115	34.664	10	0.2
73.186	34.779	10	0.2
73.134	34.742	10	0.2
73.045	34.771	10	0.2
73.143	34.684	10	0.2
73.214	34.679	10	0.2
86.174	34.628	10	0.2
73.203	34.496	10	0.2
73.101	34.779	8	0.2
73.704	34.42	10	0.2
73.337	34.573	10	0.2
73.038	34.764	10	0.2
72.889	34.761	10	0.2
73.747	34.839	10	0.2
73.284	34.635	10	0.2
73.945	34.483	10	0.2
73.003	34.712	10	0.2
73.7	34.349	10	0.2
73.355	34.762	10	0.2
73.192	34.61	10	0.2
73.114	34.782	10	0.2
73.135	34.658	10	0.2
73.099	34.544	10	0.2
73.324	34.636	10	0.2
73.242	34.579	10	0.2
73.165	34.722	10	0.2
73.198	34.702	10	0.2
73.158	34.569	10	0.2
73.066	34.708	10	0.2
73.224	34.66	10	0.2
73.153	34.608	10	0.2
73.044	34.642	10	0.2
73.144	34.819	10	0.2
73.121	34.763	10	0.2
73.196	34.641	10	0.2
73.115	34.638	10	0.2
73.225	34.625	10	0.2
73.205	34.651	10	0.2
73.264	34.666	10	0.2
73.315	34.67	10	0.2
73.2	34.597	10	0.2
73.089	34.702	10	0.2
73.168	34.798	10	0.2
73.668	34.4	10	0.2
73.157	34.626	10	0.2
73.367	34.741	10	0.2
73.817	34.774	10	0.2
71.63	36.286	10	0.2
73.147	34.913	10	0.2
73.373	34.247	10	0.2
73.063	34.635	10	0.2
73.252	34.62	10	0.2
73.272	34.75	10	0.2
73.051	34.454	10	0.2
73.114	34.715	10	0.2
72.996	34.621	10	0.2
73.225	34.625	10	0.2
73.126	34.646	10	0.2
73.043	34.726	10	0.2
73.182	34.63	10	0.2
73.243	34.644	10	0.2
73.156	34.759	10	0.2
73.075	34.686	10	0.2
73.125	34.705	10	0.2
73.005	34.601	10	0.2
73.183	34.748	10	0.2
73.613	34.297	10	0.2
73.622	34.251	10	0.2
73.087	34.778	10	0.2
73.888	34.202	10	0.2
73.247	34.688	10	0.2
73.016	34.704	10	0.2
73.123	34.788	10	0.2
73.346	34.582	10	0.2
73.633	34.362	10	0.2
73.083	34.832	10	0.2
73.306	34.65	10	0.2
73.252	34.682	10	0.2
73.161	34.591	10	0.2
73.47	34.63	10	0.2
73.141	34.704	10	0.2
73.408	34.536	10	0.2
73.255	34.712	10	0.2
73.244	34.612	10	0.2
73.102	34.675	10	0.2
73.46	34.656	10	0.2
73.423	34.712	10	0.2
73.181	34.59	10	0.2
73.607	34.252	10	0.2
73.152	34.755	10	0.2
73.13	34.706	10	0.2
73.234	34.636	10	0.2
73.561	34.166	10	0.2
73.235	34.694	10	0.2
73.807	34.122	10	0.2
73.665	34.813	10	0.2
73.287	34.748	10	0.2
73.07	34.63	10	0.2
73.241	34.852	10	0.2
73.729	34.392	10	0.2
73.061	34.817	10	0.2
73.319	34.668	10	0.2
73.07	34.625	10	0.2
73.158	34.718	10	0.2
73.483	34.403	10	0.2
73.472	34.279	10	0.2
73.267	34.653	10	0.2
73.064	34.629	10	0.2
73.188	34.766	10	0.2
73.159	34.586	10	0.2
92.897	34.827	10	0.2
69.96	38.659	48	0.2
69.95	38.632	44.1	0.2
75.268	38.162	131.9	0.2
70.635	36.466	73.2	0.2
71.258	36.48	192.2	0.2
79.151	30.406	10	0.2
69.214	36.269	17.6	0.2
87.419	27.636	38.8	0.2
70.746	36.365	215	0.2
79.239	36.993	10	0.2
71.633	36.306	106.2	0.2
79.169	36.944	17.9	0.2
79.667	39.723	40.5	0.2
88.168	31.223	54	0.2
70.9	36.466	202.7	0.2
73.708	35.694	95.1	0.2
69.639	33.805	35	0.2
70.73	36.484	224.2	0.2
70.259	36.15	122.1	0.2
69.762	35.453	82.9	0.2
70.718	36.387	209.1	0.2
72.048	37.261	177.6	0.2
93.388	26.413	26.1	0.2
69.461	30.003	10	0.2
70.183	35.84	80.6	0.2
76.312	32.729	20	0.2
96.089	28.794	46.1	0.2
70.433	36.42	210	0.2
73.243	39.451	14.6	0.2
69.608	36.24	10	0.2
71.078	36.346	235.7	0.2
70.685	34.467	17	0.2
87.92	27.205	44.4	0.2
95.691	26.072	83.7	0.2
72.443	37.566	182.8	0.2
67.77	35.761	10	0.2
89.484	35.693	38.2	0.2
71.044	36.501	220.7	0.2
67.804	30.271	24.3	0.2
70.662	36.527	164.4	0.2
72.035	39.041	10	0.2
92.676	31.613	28.8	0.2
85.172	30.6	37.5	0.2
90.261	30.097	97.7	0.2
71.4	32.61	13.8	0.2
98.245	36.774	42.3	0.2
76.359	32.567	31.3	0.2
71.499	36.351	141.4	0.2
83.699	30.356	55.8	0.2
83.67	30.527	10	0.2
83.756	30.323	10	0.2
83.681	30.588	10	0.2
71.618	36.37	124.2	0.2
87.926	28.259	70.7	0.2
94.842	25.477	67.2	0.2
71.226	36.317	106.4	0.2
77.708	39.874	20.5	0.2
95.285	26.08	68.9	0.2
71.241	36.703	79.5	0.2
69.646	30.491	6	0.2
83.761	30.616	49.5	0.2
71.039	36.125	67.3	0.2
68.038	30.378	51.9	0.2
71.526	36.345	108.6	0.2
76.624	32.534	12	0.2
70.636	34.443	7.8	0.2
86.092	27.738	10	0.2
75.585	39.268	24.4	0.2
73.367	34.679	21.6	0.2
95.563	26.125	75.5	0.2
67.965	35.531	10	0.2
80.696	29.646	10	0.2
80.965	29.439	10	0.2
98.859	25.122	36.5	0.2
96.603	25.434	44.2	0.2
70.675	36.109	109.6	0.2
71.458	36.425	89	0.2
93.178	35.677	10	0.2
93.168	32.525	48.4	0.2
77.392	39.919	49	0.2
98.179	25.149	37.4	0.2
71.829	39.163	51.9	0.2
71.883	39.128	44.2	0.2
71.677	39.239	27.7	0.2
92.662	32.15	10	0.2
71.913	39.119	54.7	0.2
71.767	39.204	10	0.2
71.224	39.559	10	0.2
71.826	39.422	43.1	0.2
71.761	39.146	10	0.2
71.797	39.243	54.3	0.2
72.119	36.622	108.5	0.2
76.512	32.442	34.6	0.2
74.534	35.39	10	0.2
74.52	35.267	10	0.2
74.409	35.367	18.8	0.2
74.254	35.372	10	0.2
74.511	35.407	10	0.2
92.893	31.754	10	0.2
81.228	31.034	10	0.2
70.495	38.528	38.3	0.2
99.169	25.073	30.2	0.2
71.054	36.793	65.1	0.2
75.651	39.731	49	0.2
95.775	25.314	56.5	0.2
70.76	36.446	206.4	0.2
69.499	37.37	43.6	0.2
95.515	29.773	13.9	0.2
96.308	31.116	31.6	0.2
69.658	37.476	10	0.2
73.202	38.336	102.1	0.2
96.562	37.532	10	0.2
92.19	32.542	10	0.2
69.769	30.922	11.6	0.2
83.633	30.714	10	0.2
88.118	30.175	11.2	0.2
69.346	36.404	45	0.2
67.713	29.557	23	0.2
69.524	33.426	10	0.2
70.579	35.875	47.5	0.2
83.773	30.746	10	0.2
83.639	30.714	10	0.2
89.321	34.154	29.9	0.2
89.498	34.134	10	0.2
89.349	34.093	10	0.2
92.681	35.77	11.5	0.2
96.457	26.54	89.4	0.2
71.084	36.536	160	0.2
74.328	38.319	139	0.2
95.575	25.283	47.3	0.2
95.321	39.647	46.1	0.2
95.12	25.212	103	0.2
89.275	34.382	10	0.2
83.323	34.084	10	0.2
70.493	38.866	55.8	0.2
97.219	27.099	35	0.2
89.32	34.08	3.9	0.2
89.285	34.079	10	0.2
89.284	34.018	10	0.2
89.216	34.029	10	0.2
71.531	36.172	118.3	0.2
71.883	37.024	10	0.2
71.335	36.363	117.2	0.2
68.547	29.642	10	0.2
68.407	29.528	25	0.2
71.199	36.188	123.2	0.2
69.788	35.662	101.8	0.2
96.914	37.473	10	0.2
96.758	37.506	13.5	0.2
70.104	37.694	118.5	0.2
72.315	39.146	50	0.2
71.343	37.426	78.6	0.2
98.507	31.042	40.6	0.2
89.363	35.458	10	0.2
70.187	37.423	20.9	0.2
70.948	36.452	190	0.2
89.218	33.998	12.7	0.2
68.056	30.221	10	0.2
71.137	36.58	222.4	0.2
71.371	36.364	78.8	0.2
89.2	33.944	4.1	0.2
81.118	29.846	76.5	0.2
89.318	34.095	10	0.2
71.583	37.195	105.1	0.2
68.234	29.835	17.5	0.2
89.18	33.973	12	0.2
89.265	33.957	11.9	0.2
89.275	34.132	10	0.2
89.135	33.946	10	0.2
89.292	33.931	21.4	0.2
89.235	34.006	10	0.2
89.235	33.962	10	0.2
69.231	39.959	20.9	0.2
73.491	38.683	108.9	0.2
96.668	37.558	14.3	0.2
77.877	36.251	87.2	0.2
91.953	33.291	38.5	0.2
96.677	37.526	29.5	0.2
80.496	30.368	58.6	0.2
87.66	28.127	68.1	0.2
96.828	37.487	41.4	0.2
71.898	37.536	109.7	0.2
73.325	34.816	10	0.2
70.783	36.514	208.5	0.2
96.773	25.474	45.3	0.2
87.758	27.361	20.7	0.2
78.443	36.787	37	0.2
73.206	34.798	11	0.2
73.216	34.774	11	0.2
83.301	32.745	59	0.2
79.394	37.349	21.2	0.2
71.472	36.461	111.9	0.2
71.029	36.742	48.7	0.2
68.66	36.597	56.2	0.2
86.042	30.539	46.2	0.2
70.717	34.103	37.5	0.2
85.931	27.739	17.1	0.2
70.332	35.646	33	0.2
73.258	38.392	97	0.2
68.439	36.928	33	0.2
94.588	37.626	10	0.2
74.125	39.307	33	0.2
97.033	33.683	10.3	0.2
71.179	36.459	264.2	0.2
71.556	36.419	100	0.2
68.573	37.036	33	0.2
68.44	36.85	33	0.2
70.071	31.288	33	0.2
74.168	38.071	155.3	0.2
71.21	36.647	218.1	0.2
69.848	30.711	33	0.2
95.93	26.037	70.9	0.2
92.173	32.446	10	0.2
69.926	35.887	33	0.2
98.222	39.575	10	0.2
71.048	36.309	150	0.2
71.565	36.352	100	0.2
87.738	27.358	33	0.2
73.386	36.015	33	0.2
80.432	30.583	33	0.2
71.245	33.039	33	0.2
77.333	39.592	10	0.2
75.362	38.491	10	0.2
75.324	38.616	10	0.2
82.219	30.169	33	0.2
95.605	29.573	33	0.2
97.036	26.687	11.5	0.2
96.004	26.213	63.5	0.2
98.57	38.91	10	0.2
70.724	38.94	33	0.2
72.222	37.456	190.8	0.2
89.315	34.542	10	0.2
93.711	35.705	10	0.2
69.768	37.018	33	0.2
77.576	39.407	10	0.2
80.653	35.802	33	0.2
79.293	30.547	33	0.2
77.41	39.458	10	0.2
92.337	32.609	49.2	0.2
92.425	32.588	33	0.2
73.334	33.387	33	0.2
93.094	32.681	33	0.2
71.204	36.421	228.2	0.2
74.051	38.511	127.6	0.2
77.088	39.438	10	0.2
78.995	37.15	33	0.2
71.974	39.459	33	0.2
96.543	37.483	10	0.2
93.081	32.66	33	0.2
71.555	36.66	66.9	0.2
96.529	37.491	10	0.2
96.48	37.518	10	0.2
96.473	37.517	10	0.2
96.3	37.498	10	0.2
96.533	37.555	10	0.2
70.62	35.893	33	0.2
93.193	26.128	40.5	0.2
80.008	30.026	33	0.2
71.342	36.416	86.8	0.2
70.548	35.973	110.7	0.2
67.983	39.292	33	0.2
77.337	39.517	10	0.2
89.331	27.264	47.1	0.2
73.273	39.245	33	0.2
86.768	34.305	33	0.2
77.29	39.495	10	0.2
77.484	39.483	10	0.2
78.62	31.519	18.9	0.2
77.485	39.323	10	0.2
77.438	39.447	10	0.2
75.689	33.375	33	0.2
86.449	28.347	33	0.2
77.569	39.33	10	0.2
77.393	39.483	10	0.2
77.189	39.54	10	0.2
77.674	39.288	10	0.2
77.452	39.542	10	0.2
77.529	39.135	10	0.2
93.787	32.512	33	0.2
68.458	36.989	33	0.2
71.002	36.273	113.3	0.2
89.948	32.615	51.8	0.2
88.006	29.8	12.2	0.2
91.446	36.066	10	0.2
76.994	39.624	33	0.2
69.868	35.704	90.8	0.2
96.634	30.445	33	0.2
74.088	38.338	156.4	0.2
71.287	36.1	102.1	0.2
74.494	35.301	33	0.2
74.516	35.287	33	0.2
74.929	39.457	33	0.2
98.017	39.728	12.1	0.2
98.877	39.448	10	0.2
95.082	28.64	38.2	0.2
90.395	29.676	10	0.2
99.92	30.897	33	0.2
68.808	36.136	33.7	0.2
74.834	35.318	33	0.2
74.785	35.339	33	0.2
71.743	33.658	33	0.2
74.618	35.422	33	0.2
74.549	35.407	33	0.2
90.48	29.768	10	0.2
90.523	29.768	10	0.2
90.409	29.667	10	0.2
92.639	27.552	61	0.2
80.828	34.306	33	0.2
91.841	37.931	33	0.2
74.571	35.505	33	0.2
74.646	35.488	33	0.2
71.682	39.184	33	0.2
86.576	31.014	41.3	0.2
74.567	35.489	33	0.2
74.563	35.379	33	0.2
74.535	35.18	31.4	0.2
74.6	35.415	33	0.2
74.591	35.32	33	0.2
74.593	35.427	33	0.2
74.542	35.408	33	0.2
74.658	35.458	33	0.2
74.498	35.481	33	0.2
74.553	35.432	33	0.2
74.419	35.652	33	0.2
74.566	35.547	33	0.2
74.654	35.517	33	0.2
72.229	39.915	33	0.2
71.735	37.247	126.1	0.2
96.097	35.141	33	0.2
93.129	35.654	33	0.2
88.229	31.229	60.9	0.2
73.704	31.695	33	0.2
70.725	36.38	149.9	0.2
70.094	36.194	135.6	0.2
93.567	33.364	33	0.2
78.08	37.195	33	0.2
72.007	39.77	31.6	0.2
73.163	38.236	117.7	0.2
70.722	36.425	232.8	0.2
87.878	29.871	33	0.2
71.5	36.618	94.7	0.2
70.133	36.472	233.1	0.2
99.927	30.916	33	0.2
87.87	29.912	33	0.2
71.191	36.465	33	0.2
99.27	31.689	33	0.2
87.995	29.889	33	0.2
70.81	36.461	198.5	0.2
93.191	35.666	33	0.2
80.768	34.267	33	0.2
72.669	37.373	80.3	0.2
94.375	34.137	10	0.2
71.307	36.386	85.7	0.2
81.251	30.457	33	0.2
81.447	30.473	33	0.2
90.651	33.489	49.7	0.2
73.642	39.458	51.4	0.2
95.28	37.018	10	0.2
95.341	36.986	10	0.2
74.479	39.77	33	0.2
89.474	35.524	33	0.2
87.837	29.826	33.6	0.2
68.972	28.96	33	0.2
72.62	37.365	68.7	0.2
74.33	35.358	33	0.2
73.405	38.531	117.5	0.2
69.179	35.921	10	0.2
69.259	35.883	10	0.2
69.29	35.841	10	0.2
73.996	39.526	43.8	0.2
71.712	36.7	140.8	0.2
69.243	36.257	33	0.2
87.009	29.287	33	0.2
69.194	36.115	10	0.2
69.082	36.054	10	0.2
69.141	36.093	10	0.2
69.294	36.014	10	0.2
69.261	35.985	10	0.2
69.202	36.094	10	0.2
69.199	35.951	10	0.2
69.162	35.975	10	0.2
69.237	35.952	10	0.2
69.19	36.08	10	0.2
69.253	36.253	10	0.2
87.928	29.863	33	0.2
70.226	37.419	47.8	0.2
70.902	30.584	33	0.2
79.966	29.955	33	0.2
84.419	29.625	70	0.2
70.036	32.705	33	0.2
72.68	35.251	33	0.2
92.15	37.926	17.9	0.2
69.924	38.773	43.8	0.2
70.329	36.494	214.5	0.2
75.91	33.123	40	0.2
99.342	29.925	35	0.2
71.347	36.647	184.1	0.2
70.805	38.948	58.2	0.2
69.902	38.673	33	0.2
70.479	34.696	73.8	0.2
95.284	32.804	33	0.2
76.862	35.224	33	0.2
77.011	35.251	33	0.2
87.96	32.381	50.8	0.2
73.222	38.068	55.4	0.2
81.78	29.612	33	0.2
95.601	33.15	48.5	0.2
72.802	38.015	60.5	0.2
92.77	35.729	10	0.2
70.726	36.386	208.6	0.2
88.171	27.15	33	0.2
93.928	35.583	10	0.2
81.638	29.327	33	0.2
91.115	36.072	10	0.2
71.263	36.336	127.9	0.2
81.739	29.51	33	0.2
81.745	29.548	33	0.2
81.631	29.39	33	0.2
81.752	29.606	33	0.2
93.727	35.729	10	0.2
93.645	35.716	10	0.2
92.52	35.817	10	0.2
93.672	35.763	10	0.2
93.972	35.828	10	0.2
93.873	35.833	10	0.2
93.877	35.762	10	0.2
93.689	35.712	10	0.2
93.754	35.692	10	0.2
93.998	35.658	10	0.2
94.54	35.619	10	0.2
90.268	36.057	10	0.2
94.594	35.667	10	0.2
94.491	35.596	10	0.2
93.958	35.65	10	0.2
90.927	35.954	10	0.2
94.487	35.481	10	0.2
93.977	35.61	10	0.2
89.96	35.753	10	0.2
94.023	35.753	10	0.2
93.881	35.647	10	0.2
90.49	35.929	10	0.2
74.172	36.007	60.4	0.2
70.595	36.518	88.2	0.2
79.693	34.065	33	0.2
91.919	27.268	33	0.2
69.825	36.476	33	0.2
68.698	29.264	33	0.2
69.494	36.405	33	0.2
70.475	36.091	96.1	0.2
71.842	37.19	118.8	0.2
76.065	32.564	33	0.2
95.556	32.966	18.9	0.2
70.968	35.515	94.4	0.2
75.738	33.265	33	0.2
75.323	39.819	71.2	0.2
74.369	39.608	53.1	0.2
71.136	36.445	61.9	0.2
70.994	36.175	75.2	0.2
70.602	36.117	114.3	0.2
72.154	38.804	33	0.2
71.492	36.116	127.2	0.2
75.955	38.323	132.6	0.2
72.796	38.063	130.9	0.2
71.634	36.868	113.8	0.2
70.223	36.457	149.9	0.2
71.523	36.21	95.3	0.2
95.6	33.165	33	0.2
72.074	37.307	178	0.2
73.697	38.342	141.5	0.2
85.178	27.957	33	0.2
73.121	33.014	50.5	0.2
97.986	39.024	33	0.2
69.773	30.983	35.2	0.2
99.816	35.52	33	0.2
73.789	34.902	33	0.2
72.994	39.748	61.3	0.2
70.393	35.936	85	0.2
78.31	32.479	57.7	0.2
70.94	36.605	89.8	0.2
70.144	37.483	33	0.2
98.659	25.836	108.1	0.2
69.389	35.169	62.1	0.2
95.126	25.411	84.5	0.2
67.732	30.34	33	0.2
71.417	36.622	188.6	0.2
69.841	30.179	14.2	0.2
69.742	30.131	17.5	0.2
87.222	28.912	33	0.2
87.162	28.872	33	0.2
71.37	36.217	117.8	0.2
70.703	36.63	282.2	0.2
69.897	35.58	95	0.2
88.114	29.94	33	0.2
70.26	36.984	33	0.2
86.127	27.801	33	0.2
68.215	38.563	33	0.2
71.058	36.227	108.3	0.2
94.881	30.337	33	0.2
75.594	39.751	33	0.2
91.826	27.878	33	0.2
69.444	32.401	33	0.2
70.856	36.476	181.9	0.2
73.88	39.752	18.7	0.2
90.616	26.486	20.2	0.2
87.661	35.384	10	0.2
85.108	32.551	33	0.2
75.893	33.289	57.4	0.2
70.823	36.45	217.6	0.2
69.372	38.701	60.9	0.2
86.794	38.218	33	0.2
75.805	33.205	18.2	0.2
77.521	36.04	113.4	0.2
69.073	36.167	33	0.2
71.126	36.374	123.4	0.2
71.024	36.84	84.5	0.2
69.884	36.921	38.6	0.2
70.063	37.421	33	0.2
70.196	37.288	33	0.2
99.178	25.776	33	0.2
99.402	35.414	10	0.2
98.369	29.796	33	0.2
90.55	35.868	33	0.2
92.252	32.683	33	0.2
78.178	37.69	66	0.2
90.714	33.885	33	0.2
71.293	36.13	33	0.2
69.498	37.451	33	0.2
92.197	32.704	33	0.2
92.198	32.75	33	0.2
92.396	32.666	33	0.2
92.237	32.742	33	0.2
92.259	32.681	33	0.2
69.582	37.542	33	0.2
92.052	32.641	33	0.2
92.231	32.673	33	0.2
69.456	30.102	33	0.2
70.97	36.044	81.3	0.2
92.137	32.692	33	0.2
81.875	29.211	33	0.2
73.532	31.732	47.7	0.2
71.103	36.223	93.1	0.2
77.59	35.255	33	0.2
78.17	32.572	33	0.2
69.587	29.824	33	0.2
98.087	30.429	33	0.2
88.115	30.193	33	0.2
75.614	33.377	33	0.2
87.799	35.148	33	0.2
99.557	35.342	33	0.2
99.547	35.418	33	0.2
70.474	36.463	205.9	0.2
95.118	34.144	33	0.2
99.367	35.356	10	0.2
99.329	35.453	10	0.2
99.303	35.331	10	0.2
99.381	35.362	10	0.2
70.336	36.091	139.9	0.2
78.407	32.001	36.5	0.2
70.773	36.531	214.7	0.2
70.096	29.646	33	0.2
70.949	34.772	33	0.2
71.033	34.52	33	0.2
71.011	36.53	225.4	0.2
73.029	34.772	33	0.2
83.506	31.508	33	0.2
92.202	32.795	33	0.2
79.776	34.101	33	0.2
79.758	33.974	33	0.2
79.85	34.171	33	0.2
70.691	36.665	92.6	0.2
77.447	35.249	42.1	0.2
78.437	32.024	33	0.2
73.288	38	164.1	0.2
72.407	37.401	206.6	0.2
97.018	26.587	33	0.2
71.757	36.059	188.7	0.2
97.216	30.571	33	0.2
98.246	34.013	33	0.2
71.536	36.524	106.5	0.2
91.682	28.135	33	0.2
70.757	36.023	104.4	0.2
76.696	39.372	62.7	0.2
78.305	31.601	33	0.2
95.48	32.962	33	0.2
74.775	39.454	66.1	0.2
95.007	30.211	33	0.2
91.321	38.359	33	0.2
76.801	39.42	53.5	0.2
95.139	25.18	116.1	0.2
71.4	36.597	190.7	0.2
82.145	28.494	33	0.2
67.121	29.581	33	0.2
70.354	36.331	182.9	0.2
90.847	33.997	33	0.2
70.052	39.876	33	0.2
88.502	38.155	33	0.2
88.604	38.114	33	0.2
91.981	29.249	33	0.2
95.502	30.973	33	0.2
92.631	27.663	33	0.2
95.454	31.05	33	0.2
78.468	34.542	35.7	0.2
92.7	32.222	33	0.2
92.498	27.559	33	0.2
69.947	36.874	54.3	0.2
73.08	38.131	145.7	0.2
70.004	37.032	66.5	0.2
70.012	36.981	53.7	0.2
71.226	36.256	115.1	0.2
68.199	29.996	33	0.2
70.896	36.446	190.5	0.2
70.633	36.041	124.1	0.2
81.273	36.306	33	0.2
75.569	33.144	33	0.2
99.792	34.611	43.5	0.2
71.051	36.192	109.5	0.2
69.836	36.89	33	0.2
82.773	30.385	33	0.2
69.929	36.87	33	0.2
71.407	32.162	33	0.2
71.994	39.048	19.2	0.2
69.412	30.07	33	0.2
91.09	33.804	76.9	0.2
69.41	30.013	33	0.2
71.094	36.19	114.1	0.2
74.999	39.206	33	0.2
90.061	29.608	33	0.2
71.841	39.122	33	0.2
91.926	26.26	33	0.2
71.505	37.119	112.4	0.2
89.662	38.263	33	0.2
69.483	36.235	49.8	0.2
71.613	37.293	114.3	0.2
71.344	36.214	33	0.2
67.143	36.2	33	0.2
68.494	36.306	33	0.2
70.257	37.385	33	0.2
70.938	34.674	33	0.2
71.281	36.261	124.2	0.2
67.365	26.09	33	0.2
87.141	37.878	20	0.2
86.879	37.386	33	0.2
86.763	37.359	33	0.2
69.074	36.196	33	0.2
86.733	28.442	40.2	0.2
69.397	29.999	33	0.2
70.82	35.917	110.2	0.2
72.325	37.34	33	0.2
72.503	37.466	71.6	0.2
72.539	37.379	51.3	0.2
93.696	32.879	33	0.2
72.86	38.311	33	0.2
71.179	36.375	103	0.2
69.372	30.01	33	0.2
70.707	36.388	230.2	0.2
71.212	36.237	111.8	0.2
70.833	36.378	82.4	0.2
98.614	29.021	51.9	0.2
93.771	32.892	33	0.2
77.51	35.403	33	0.2
70.092	36.444	222.9	0.2
76.953	39.503	33	0.2
79.318	30.32	33	0.2
73.213	36.75	33	0.2
73.224	33.237	19.1	0.2
79.298	30.243	10	0.2
75.518	38.213	136.6	0.2
70.3	34.513	33	0.2
93.673	25.617	43.6	0.2
79.305	30.256	10	0.2
79.295	30.257	10	0.2
79.316	30.249	10	0.2
79.343	30.33	10	0.2
79.321	30.414	10	0.2
79.335	30.376	10	0.2
79.286	30.286	10	0.2
79.245	30.213	10	0.2
79.31	30.342	10	0.2
79.387	30.315	10	0.2
70.395	37.146	33	0.2
77.235	39.596	56.7	0.2
71.058	36.49	271.2	0.2
69.979	36.863	33	0.2
70.674	35.926	116.7	0.2
88.604	35.72	33	0.2
70.694	39.277	24.6	0.2
74.443	34.059	33	0.2
70.751	36.384	192.2	0.2
71.619	36.501	114.7	0.2
71.454	36.388	118.7	0.2
69.723	32.466	33	0.2
68.403	37.061	33	0.2
69.712	38.724	33	0.2
73.684	39.425	66.4	0.2
73.92	39.609	33	0.2
76.851	39.888	33	0.2
70.191	36.02	107.7	0.2
72.036	39.392	65.1	0.2
71.847	37.434	136	0.2
70.454	34.416	33	0.2
95.325	36.973	33	0.2
93.499	26.345	33	0.2
87.649	27.935	33	0.2
87.894	27.753	73.1	0.2
73.153	37.566	33	0.2
70.238	38.949	38.7	0.2
68.185	36.527	33	0.2
73.62	39.493	41.9	0.2
71.139	36.275	114.3	0.2
68.585	36.438	61.1	0.2
73.105	39.549	59.4	0.2
88.481	33.063	33	0.2
71.014	36.403	115.1	0.2
88.298	30.203	33	0.2
69.137	37.376	33	0.2
88.117	29.948	33	0.2
92.709	27.742	33	0.2
92.812	27.77	33	0.2
88.341	27.199	33	0.2
71.5	36.885	112	0.2
88.129	30.27	33	0.2
86.895	27.859	33	0.2
86.733	27.6	33	0.2
69.473	38.447	33	0.2
77.26	39.539	33	0.2
88.081	30.034	33	0.2
88.077	30.044	33	0.2
88.15	30.191	33	0.2
76.969	39.387	33	0.2
77.035	39.712	33	0.2
88.112	30.299	33	0.2
88.06	30.022	33	0.2
88.188	30.024	33	0.2
90.977	27.555	22.3	0.2
68.74	29.329	33	0.2
77.021	39.668	33	0.2
70.438	35.949	100	0.2
95.342	36.867	33	0.2
88.192	30.375	15.7	0.2
88.03	30.141	33	0.2
88.055	30.202	33	0.2
88.191	30.435	33	0.2
78.286	35.517	33	0.2
78.378	35.357	33	0.2
81.56	35.303	33	0.2
81.466	29.576	33	0.2
67.734	30.035	32.5	0.2
67.762	30.231	31.1	0.2
67.799	30.029	33	0.2
67.808	30.104	33	0.2
72.661	34.194	33	0.2
91.027	27.325	33	0.2
70.805	36.446	201	0.2
70.146	37.256	33	0.2
85.568	27.675	33	0.2
69.359	29.949	33	0.2
67.961	30.158	33	0.2
76.889	39.547	55.8	0.2
71.816	37.203	121.7	0.2
70.081	37.024	33	0.2
70.288	37.295	33	0.2
89.221	30.372	33	0.2
89.286	30.379	33	0.2
70.043	36.926	33	0.2
70.047	37.003	33	0.2
71.514	36.579	33	0.2
69.981	37	33	0.2
70.016	37.035	33	0.2
70.269	37.088	33	0.2
70.137	37.126	33	0.2
78.74	37.458	33	0.2
69.931	36.989	33	0.2
71.802	27.105	0	0.2
68.006	29.966	33	0.2
69.543	36.388	77.6	0.2
96.763	29.341	33	0.2
69.469	36.63	33	0.2
70.254	38.667	33	0.2
71.252	36.361	126.8	0.2
70.674	34.516	72.9	0.2
71.054	36.51	238.8	0.2
73.333	38.421	128.4	0.2
71.568	38.809	33	0.2
67.208	26.924	33	0.2
70.673	36.438	200	0.2
88.047	30.215	33	0.2
85.435	28.453	33	0.2
71.105	36.358	218.9	0.2
88.199	26.517	33	0.2
70.675	36.658	79.6	0.2
71.199	36.412	100	0.2
86.526	35.011	17.9	0.2
78.298	35.36	33	0.2
78.603	35.261	33	0.2
96.571	25.362	33	0.2
89.021	35.587	33	0.2
68.343	29.631	33	0.2
87.175	27.475	33	0.2
86.802	35.044	33	0.2
87.347	27.618	33	0.2
96.064	26.192	54.7	0.2
78.368	35.388	33	0.2
86.877	34.874	33	0.2
87.989	35.264	33	0.2
86.948	35.066	33	0.2
87.881	35.36	33	0.2
86.6	35.149	33	0.2
87.439	35.174	33	0.2
88.281	33.678	33	0.2
87.213	35.099	33	0.2
86.715	35.073	33	0.2
96.93	30.305	33	0.2
87.47	35.295	33	0.2
87.65	35.27	33	0.2
95.853	28.774	57.6	0.2
69.651	37.625	33	0.2
85.383	29.078	33	0.2
70.695	36.44	207	0.2
70.876	36.044	101.6	0.2
71.963	36.392	100	0.2
89.698	29.552	33	0.2
82.345	28.536	33	0.2
70.794	36.411	205.6	0.2
69.641	37.998	33	0.2
76.843	39.541	48.5	0.2
80.661	35.772	33	0.2
70.666	38.755	33	0.2
94.917	25.235	128.7	0.2
88.148	28.872	33	0.2
75.419	39.844	33	0.2
67.795	30.041	33	0.2
96.922	30.347	64.7	0.2
74.025	39.636	33	0.2
70.781	36.886	100	0.2
96.978	30.291	33	0.2
70.916	36.437	193.1	0.2
92.185	25.632	41.3	0.2
76.817	31.554	33	0.2
73.68	32.831	10	0.2
70.141	36.393	234.2	0.2
91.793	26.811	46.9	0.2
68.403	29.591	33	0.2
95.265	36.903	14.9	0.2
95.318	36.936	14.1	0.2
95.381	36.917	33	0.2
94.923	29.814	33	0.2
86.862	28.803	33	0.2
76.643	39.833	33	0.2
69.345	34.536	33	0.2
76.879	39.508	67.1	0.2
97.111	30.271	33	0.2
96.808	30.275	33	0.2
68.033	30.121	33	0.2
75.88	36.708	75	0.2
68.577	29.719	33	0.2
89.276	39.061	33	0.2
74.615	35.713	81.7	0.2
76.557	39.268	33	0.2
92.625	28.045	33	0.2
70.766	35.946	99.4	0.2
73.683	34.893	33	0.2
78.052	37.146	33	0.2
76.977	39.682	33	0.2
70.69	36.378	126.1	0.2
67.776	34.768	33	0.2
77.66	34.108	33	0.2
68.36	29.915	33	0.2
76.974	39.525	33	0.2
68.237	29.78	13	0.2
96.993	30.285	33	0.2
70.855	36.4	184.5	0.2
89.88	34.435	33	0.2
89.833	34.257	33	0.2
73.404	39.541	50	0.2
80.426	29.434	33	0.2
68.211	29.781	33	0.2
71.843	37.021	154.4	0.2
89.643	34.226	33	0.2
76.899	39.474	19.8	0.2
76.187	39.629	33	0.2
76.822	39.592	33	0.2
76.924	39.523	33	0.2
69.438	30.565	33	0.2
76.652	39.645	33	0.2
78.253	35.353	33	0.2
78.3	35.38	33	0.2
67.93	30.075	33	0.2
84.612	32.932	33	0.2
68.021	30.05	33	0.2
68.016	30.105	33	0.2
68.046	30.156	33	0.2
71.62	34.872	50	0.2
67.961	30.326	33	0.2
67.82	30.032	33	0.2
68.151	29.591	33	0.2
90.273	30.747	33	0.2
75.321	39.431	62.2	0.2
86.082	27.244	44.8	0.2
68.511	29.578	33	0.2
68.354	29.54	33	0.2
68.568	29.557	33	0.2
68.2	29.632	33	0.2
68.294	29.527	33	0.2
68.546	29.561	33	0.2
67.628	30.498	33	0.2
67.891	29.824	33	0.2
68.18	29.799	33	0.2
67.943	29.906	33	0.2
68.375	29.747	33	0.2
68.322	29.767	33	0.2
76.739	39.398	67.1	0.2
76.935	39.593	33	0.2
76.936	39.503	33	0.2
95.819	35.687	10	0.2
69.819	36.204	158	0.2
74.466	38.181	163.3	0.2
85.127	27.946	22.2	0.2
77.412	39.315	33	0.2
87.454	35.051	33	0.2
75.596	38.712	33	0.2
76.931	39.515	33	0.2
73.063	38.108	59.7	0.2
85.664	34.528	33	0.2
96.787	30.272	33	0.2
70.518	38.861	33	0.2
70.821	36.385	200.6	0.2
97.842	37.042	33	0.2
86.638	27.435	33	0.2
70.184	31.249	33	0.2
70.559	36.364	174.4	0.2
99.637	30.704	10	0.2
72.06	39.483	50	0.2
71.511	36.606	175.8	0.2
94.995	25.285	105.2	0.2
68.601	36.609	33	0.2
71.021	36.369	252.1	0.2
77.52	35.081	33	0.2
76.362	38.379	33	0.2
70.784	39	33	0.2
78.089	35.272	33	0.2
96.021	28.853	33	0.2
77.883	35.319	33	0.2
87.661	34.2	33	0.2
77.848	35.229	33	0.2
77.63	35.342	33	0.2
69.26	35.82	61.8	0.2
72.028	37.461	100	0.2
81.637	29.345	33	0.2
81.775	29.244	76.7	0.2
71.704	39.183	33	0.2
72.839	38.092	33	0.2
70.943	35.972	108.2	0.2
69.791	38.637	33	0.2
76.299	33.55	33	0.2
98.988	34.631	33	0.2
70.538	32.355	33	0.2
73.141	38.401	105.9	0.2
70.015	32.161	46.9	0.2
88.552	27.433	33	0.2
99.186	28.853	33	0.2
78.584	30.44	33	0.2
78.307	30.748	33	0.2
92.638	27.635	33	0.2
76.371	32.834	33	0.2
92.492	27.007	48.9	0.2
92.616	27.454	33	0.2
69.981	36.954	84.5	0.2
88.18	30.089	33	0.2
94.05	33.831	33	0.2
72.876	33.981	33	0.2
67.695	29.398	33	0.2
88.143	30.111	33	0.2
88.178	30.174	33	0.2
96.253	25.169	33	0.2
68.76	35.998	33	0.2
68.58	31.104	10	0.2
88.173	30.093	33	0.2
78.551	31.391	33	0.2
70.69	36.364	217.1	0.2
88.077	30.009	33	0.2
88.187	29.923	33	0.2
73.627	38.049	180.6	0.2
68.999	28.612	33	0.2
92.201	28.325	83.2	0.2
88.143	30.058	33	0.2
92.397	26.551	36.8	0.2
88.077	29.984	33	0.2
88.069	30.001	33	0.2
87.821	27.825	33	0.2
70.968	36.331	114.4	0.2
69.63	38.384	33	0.2
73.461	31.496	43.3	0.2
79.102	30.651	47.4	0.2
73.374	33.135	18.7	0.2
88.151	30.014	11.9	0.2
78.497	35.685	33	0.2
78.53	35.641	33	0.2
72.722	33.972	17.9	0.2
91.523	30.905	33	0.2
70.331	35.924	33	0.2
72.142	38.691	33	0.2
69.935	35.85	100	0.2
89.252	25.468	33	0.2
77.882	37.581	33	0.2
73.193	38.049	62.6	0.2
73.306	38.061	33	0.2
97.474	34.488	33	0.2
73.648	37.702	100	0.2
96.059	26.852	33	0.2
70.531	35.931	118.1	0.2
70.064	39.837	33	0.2
92.01	27.26	62.3	0.2
71.23	36.136	130.1	0.2
72.023	35.025	48.9	0.2
79.232	30.693	37.5	0.2
86.8	31.105	33	0.2
71.378	36.468	81	0.2
68.657	36.713	33	0.2
92.201	32.896	24.4	0.2
92.08	36.696	33	0.2
72.071	39.178	49.9	0.2
78.963	31.432	33	0.2
72.82	37.505	33	0.2
88.233	30.163	57.8	0.2
77.601	35.549	16.3	0.2
96.832	27.138	33	0.2
97.595	28.967	33	0.2
96.625	25.396	17.6	0.2
93.603	33.35	19.5	0.2
71.174	36.582	233.5	0.2
89.001	38.186	33	0.2
81.538	29.968	26.5	0.2
88.229	30.266	45	0.2
71.725	39.343	64	0.2
72.12	36.277	129.7	0.2
69.52	29.848	19.9	0.2
94.866	30.321	33	0.2
69.568	29.972	30.4	0.2
94.828	30.317	33	0.2
69.625	29.704	23.1	0.2
71.732	37.363	121	0.2
94.883	30.302	44.6	0.2
92.42	27.361	33	0.2
96.342	26.209	33	0.2
72.984	38.051	163.4	0.2
76.209	34.203	39.6	0.2
69.928	38.446	33	0.2
95.292	39.218	24.3	0.2
72.185	37.661	33	0.2
67.355	26.533	33	0.2
95.659	27.141	33	0.2
93.56	32.455	33	0.2
95.254	25.055	107.5	0.2
77.578	39.788	33	0.2
70.728	39.883	33.5	0.2
95.155	25.29	91.8	0.2
71.663	37.084	115.7	0.2
88.253	29.889	33	0.2
81.448	29.694	22.6	0.2
81.52	29.691	18.8	0.2
69.492	35.556	101.7	0.2
71.604	28.148	20.7	0.2
96.107	25.086	20	0.2
70.978	36.483	200	0.2
70.714	36.165	33	0.2
84.203	28.772	33	0.2
92.399	27.642	33	0.2
75.998	32.564	33	0.2
90.249	30.68	33	0.2
67.569	30.127	28.5	0.2
72.04	37.466	33	0.2
73.18	37.962	141.3	0.2
71.004	36.536	182.6	0.2
77.525	39.88	33	0.2
72.188	36.993	204.9	0.2
71.118	39.167	25.7	0.2
71.361	37.575	33	0.2
92.371	27.635	39.3	0.2
71.364	36.167	119.1	0.2
93.386	33.28	26.6	0.2
69.122	36.082	33	0.2
69.111	36.186	44.3	0.2
71.807	37.347	33	0.2
67.493	39.322	33	0.2
71.446	36.315	77	0.2
71.635	36.92	109.4	0.2
71.255	36.147	106.1	0.2
70.765	34.656	27.4	0.2
71.351	36.542	205.8	0.2
70.687	36.37	208.4	0.2
87.587	27.773	61.1	0.2
80.663	35.655	33	0.2
90.737	35.833	33	0.2
71.244	36.469	226.4	0.2
73.897	38.588	33	0.2
79.516	39.574	27.8	0.2
75.659	39.018	19.9	0.2
73.021	38.175	120.8	0.2
70.811	36.397	165.8	0.2
78.043	39.724	46.7	0.2
79.686	30.439	67.9	0.2
70.927	36.45	199.8	0.2
94.654	28.964	10	0.2
71.79	39.337	33	0.2
71.572	37.462	33	0.2
88.915	37.445	33	0.2
67.788	37.747	33	0.2
72.276	37.484	33	0.2
99.022	36.184	33	0.2
70.996	36.275	33	0.2
71.938	36.289	141.2	0.2
92.295	27.136	33	0.2
80.573	35.587	33	0.2
71.156	36.41	237.3	0.2
69.708	36.391	47.2	0.2
72.901	37.192	33.6	0.2
91.938	30.15	13.9	0.2
77.117	39.907	39.5	0.2
72.079	37.57	126.4	0.2
73.888	38.554	124.6	0.2
75.025	37.551	33	0.2
71.067	36.412	241.6	0.2
71.733	38.563	33	0.2
70.297	36.739	33	0.2
69.949	37.125	33	0.2
90.345	38.491	33	0.2
70.445	36.517	194.1	0.2
69.971	37.471	33	0.2
75.087	39.114	33	0.2
78.566	25.851	33	0.2
93.549	32.464	33	0.2
98.611	38.463	33	0.2
88.125	33.154	33	0.2
91.814	34.245	33	0.2
70.396	36.542	33	0.2
89.205	34.927	33	0.2
92.522	26.651	33	0.2
80.266	31.682	35.1	0.2
92.641	25.018	33	0.2
71.662	37.006	119.9	0.2
86.549	31.068	15.9	0.2
71.958	37.563	33	0.2
81.371	29.149	29.2	0.2
71.056	36.411	248.1	0.2
70.15	36.478	230.4	0.2
71.645	37.024	33	0.2
68.65	36.743	56.9	0.2
68.707	36.714	33	0.2
93.684	32.541	33	0.2
72.707	39.386	33	0.2
70.229	36.223	133.1	0.2
70.629	38.56	33	0.2
71.325	36.945	87.1	0.2
78.468	36.349	33	0.2
71.413	36.333	33	0.2
68.539	36.042	33	0.2
71.346	36.817	33	0.2
69.833	39.805	33	0.2
87.792	27.65	47.9	0.2
95.643	25.895	104	0.2
70.343	38.844	29.1	0.2
71.621	39.126	33	0.2
70.922	36.319	133.5	0.2
96.749	26.232	33	0.2
71.382	37.017	79.5	0.2
67.212	36.42	20.8	0.2
70.385	30.695	33	0.2
68.659	36.579	26.5	0.2
69.826	36.434	24.2	0.2
70.014	36.488	193.2	0.2
67.845	29.991	33	0.2
75.43	38.778	33	0.2
71.58	39.121	24	0.2
71.349	36.363	74.6	0.2
81.79	29.552	35.2	0.2
67.686	35.667	33	0.2
92.223	33.409	33	0.2
71.111	36.421	223.1	0.2
95.753	30.003	33	0.2
92.31	33.465	39.5	0.2
93.513	25.17	33	0.2
74.217	38.611	33	0.2
72.083	37.463	88.7	0.2
75.748	39.18	33	0.2
75.493	39.247	27.5	0.2
97.128	25.223	31.5	0.2
69.435	36.172	33	0.2
69.483	35.945	11.6	0.2
71.089	36.277	33	0.2
70.712	36.006	97.8	0.2
71.188	37.979	33	0.2
71.211	34.761	37.4	0.2
72.005	37.11	33	0.2
71.435	37.291	101.3	0.2
75.143	39.215	10	0.2
95.291	29.332	33	0.2
68.926	38.628	18.5	0.2
71.086	36.33	33	0.2
72.732	37.963	133.6	0.2
86.844	28.489	33	0.2
92.076	27.263	33	0.2
87.221	32.39	33	0.2
96.504	25.955	33	0.2
72.332	37.737	33	0.2
70.394	36.405	219.9	0.2
71.309	36.474	107.5	0.2
70.78	36.441	194.9	0.2
70.671	34.494	33	0.2
67.651	30.405	10	0.2
77.735	36.234	147.8	0.2
82.28	28.723	37.4	0.2
82.256	28.776	33	0.2
73.242	38.791	33	0.2
98.243	30.035	29.3	0.2
70.02	38.633	33	0.2
88.604	38.276	33	0.2
70.628	36.443	216.2	0.2
88.726	38.214	11.3	0.2
88.878	38.359	10	0.2
89.284	38.206	10	0.2
69.966	39.066	14.2	0.2
88.672	33.773	33	0.2
70.886	36.421	187.7	0.2
71.219	36.253	106.4	0.2
92.938	27.821	33	0.2
75.74	33.322	33	0.2
83.676	31.033	15.8	0.2
94.809	30.282	33	0.2
94.638	37.189	16.9	0.2
94.525	37.209	16.8	0.2
94.605	37.188	18.4	0.2
94.831	30.34	10	0.2
97.152	27.546	59.2	0.2
67.891	30.045	31.5	0.2
67.921	30.035	24.6	0.2
71.983	33.204	33	0.2
70.447	38.662	16.1	0.2
70.947	37.482	33	0.2
71.341	36.992	115.3	0.2
70.604	36.443	223.4	0.2
99.636	28.011	30.8	0.2
86.059	26.81	33	0.2
82.22	31.952	33	0.2
85.118	27.939	33	0.2
86.63	28.357	33	0.2
69.785	38.621	33	0.2
72.598	37.243	106.1	0.2
93.306	33.315	33	0.2
92.616	27.529	33	0.2
70.352	36.435	209.6	0.2
71.236	36.168	104.3	0.2
77.788	35.629	33	0.2
76.298	38.057	28	0.2
78.407	35.568	33	0.2
71.651	36.8	33	0.2
67.665	39.383	33	0.2
72.746	33.585	33	0.2
71.333	36.377	33	0.2
71.626	36.599	33	0.2
93.301	26.795	33	0.2
96.082	28.835	33	0.2
98.637	31.527	33	0.2
99.478	27.807	33	0.2
95.872	28.731	33	0.2
78.414	35.614	25.1	0.2
71.031	36.606	252.6	0.2
70.687	36.371	229.1	0.2
98.066	29.762	10	0.2
96.053	32.981	33	0.2
70.212	36.139	141.3	0.2
70.379	36.368	221.9	0.2
71.948	37.479	33	0.2
96.479	26.519	22.8	0.2
76.811	38.969	26.6	0.2
69.594	36.307	111.1	0.2
72.361	38.231	22.4	0.2
82.799	28.314	33	0.2
89.488	32.484	10	0.2
75.318	35.372	33	0.2
77.652	35.653	41.7	0.2
75.658	39.726	23.5	0.2
87.349	29.091	20.1	0.2
70.842	36.548	184.8	0.2
80.551	29.625	33	0.2
71.11	36.013	93.8	0.2
82.322	33.023	33	0.2
70.614	38.861	45.3	0.2
72.567	38.601	51.7	0.2
87.383	28.994	21.1	0.2
69.808	38.527	33	0.2
67.099	31.532	13.9	0.2
70.843	36.643	183.5	0.2
69.754	34.843	33	0.2
90.11	32.38	27.6	0.2
71.404	36.401	117.6	0.2
74.075	36.714	27.6	0.2
72.508	33.527	13.4	0.2
89.484	38.321	14.5	0.2
70.549	36.419	211.3	0.2
87.473	25.85	29.7	0.2
90.388	30.851	33	0.2
71.412	36.399	84.7	0.2
71.33	36.694	216.2	0.2
71.298	36.617	93.2	0.2
71.712	32.654	72.8	0.2
80.309	31.169	33	0.2
80.544	34.435	33	0.2
81.119	29.145	14.7	0.2
69.183	30.057	17	0.2
67.299	26.07	43.5	0.2
71.668	39.488	33	0.2
71.238	36.394	87.1	0.2
80.605	35.76	33	0.2
88.053	34.568	33	0.2
71.606	36.738	83.8	0.2
96.483	37.062	20.5	0.2
71.168	36.443	46.6	0.2
68.942	37.422	35.8	0.2
73.319	38.479	33	0.2
91.414	25.473	40.7	0.2
72.185	37.81	127.5	0.2
99.95	27.987	10	0.2
75.787	38.704	33	0.2
98.085	33.089	33	0.2
82.63	31.82	33	0.2
67.735	35.388	33	0.2
83.797	31.764	33	0.2
67.574	33.782	33.1	0.2
69.864	38.778	63.6	0.2
79.921	34.584	12.2	0.2
71.99	37.228	127.5	0.2
71.161	36.51	77.8	0.2
74.265	38.134	135.4	0.2
72.798	39.212	15.7	0.2
71.481	36.744	33	0.2
73.044	38.006	118.4	0.2
71.879	36.856	155.9	0.2
70.916	36.32	137.4	0.2
70.576	36.42	197.9	0.2
70.943	36.469	208.3	0.2
71.026	35.84	66.7	0.2
70.09	31.678	35.8	0.2
95.004	28.725	10	0.2
80.234	34.651	14.9	0.2
76.338	32.436	33	0.2
71.101	36.392	33	0.2
80.122	34.66	33	0.2
80.859	35.858	10	0.2
81.318	34.717	10	0.2
70.06	36.494	215.3	0.2
80.237	34.68	61.6	0.2
79.989	34.522	33	0.2
68.922	32.526	33	0.2
80.113	34.699	33	0.2
92.105	30.135	33	0.2
73.991	38.027	160.6	0.2
70.676	35.699	77.6	0.2
69.688	36.037	111.6	0.2
69.903	39.827	33	0.2
95.926	32.522	33	0.2
74.833	38.719	10	0.2
90.198	29.288	33	0.2
71.534	36.506	81.7	0.2
72.155	38.297	33	0.2
75.096	35.603	33	0.2
74.722	35.589	28.5	0.2
81.131	35.139	33	0.2
81.079	35.148	33	0.2
72.253	37.795	33	0.2
99.423	38.307	20	0.2
71.788	36.97	130.7	0.2
71.753	36.702	123.9	0.2
68.948	37.853	33	0.2
77.828	39.845	35.4	0.2
82.927	28.945	32.9	0.2
78.885	30.125	33	0.2
96.758	25.66	33	0.2
67.342	26.657	33	0.2
71.436	37.489	33	0.2
71.228	33.241	33	0.2
88.893	33.905	10	0.2
81.913	28.984	56.3	0.2
71.543	33.286	33	0.2
71.046	36.701	48	0.2
99.685	30.748	33	0.2
99.869	36.08	17.2	0.2
73.487	36.794	33	0.2
73.099	37.038	33	0.2
73.165	37.041	33	0.2
84.774	34.503	10	0.2
67.55	29.882	10	0.2
71.142	36.318	48.6	0.2
67.672	39.511	33	0.2
92.077	27.256	33	0.2
95.229	26.676	47.4	0.2
71.157	36.574	93.2	0.2
88.339	31.958	33	0.2
87.979	28.147	33	0.2
72.31	33.566	33	0.2
67.303	26.582	10	0.2
72.548	35.997	35.3	0.2
72.905	33.832	14.2	0.2
81.54	31.545	15.6	0.2
97.399	26.784	33	0.2
86.288	34.343	33	0.2
78.829	30.664	30.3	0.2
71.37	37.6	33	0.2
80.585	35.625	35.8	0.2
71.454	36.549	185.3	0.2
92.225	25.195	33	0.2
76.514	32.637	33	0.2
95.607	29.66	10	0.2
95.646	29.627	9.8	0.2
93.147	34.496	10	0.2
70.645	36.398	195.8	0.2
81.128	29.291	33	0.2
98.668	26.07	33	0.2
74.529	35.515	47	0.2
93.164	34.566	33	0.2
67.198	26.632	25.6	0.2
70.833	36.463	114.2	0.2
98.3	39.671	22.1	0.2
70.621	38.828	16.6	0.2
99.537	30.118	35.8	0.2
71.001	36.125	175.2	0.2
70.117	36.462	219.1	0.2
69.683	38.819	33	0.2
69.991	31.954	29.2	0.2
88.859	33.99	33	0.2
71.66	38.195	58.4	0.2
88.942	33.966	33	0.2
88.863	33.917	33	0.2
88.139	27.904	57.1	0.2
88.904	33.99	33	0.2
93.928	29.97	33	0.2
88.84	33.976	33	0.2
69.3	36.284	41.7	0.2
88.646	33.98	33	0.2
96.446	26.642	83.8	0.2
93.593	32.484	33	0.2
69.134	29.696	19.2	0.2
71.188	36.507	94.7	0.2
71.535	37.055	112.1	0.2
70.607	26.323	22.1	0.2
71.307	36.525	115.3	0.2
71.358	36.623	173.3	0.2
72.214	37.629	86.4	0.2
71.046	36.675	174.9	0.2
74.715	37.388	33	0.2
73.731	38.651	33	0.2
78.686	30.79	26.5	0.2
78.723	30.747	17	0.2
71.123	37.736	33	0.2
68.66	35.794	33	0.2
98.874	34.645	33	0.2
67.799	30.165	10	0.2
71.092	36.451	227.3	0.2
69.862	35.921	99.4	0.2
92.211	26.323	33	0.2
67.824	26.483	33	0.2
71.478	36.792	107.2	0.2
95.688	29.698	34.4	0.2
94.937	28.879	33	0.2
98.553	36.626	22.5	0.2
71.324	36.264	132.8	0.2
95.402	37.44	10	0.2
71.378	36.613	51.4	0.2
77.754	39.692	33	0.2
70.773	36.446	210.6	0.2
69.84	30.02	33	0.2
75.213	38.441	33	0.2
68.802	36.155	33	0.2
71.179	37.471	33	0.2
91.33	25.03	33	0.2
71.593	36.368	33	0.2
72.15	37.646	135	0.2
71.999	37.491	130	0.2
71.177	36.514	137.6	0.2
92.158	33.91	10	0.2
88.791	25.099	33	0.2
75.072	38.586	33	0.2
67.922	30.044	33	0.2
94.795	30.385	33	0.2
94.793	30.269	33	0.2
94.765	30.294	33	0.2
94.793	30.329	33	0.2
94.791	30.317	33	0.2
94.785	30.302	33	0.2
94.82	30.269	33	0.2
71.313	36.507	119.5	0.2
94.838	30.326	24	0.2
95.259	25.149	121	0.2
94.87	30.363	33	0.2
94.832	39.421	15.6	0.2
85.101	32.11	16.5	0.2
71.512	37.362	33	0.2
93.187	26.637	33.2	0.2
76.716	32.306	33	0.2
72.765	39.457	58.4	0.2
84.872	35.793	22.6	0.2
71.097	36.272	151.7	0.2
80.281	29.266	58.1	0.2
67.087	27.14	33	0.2
71.266	36.471	33	0.2
96.578	29.295	33	0.2
69.428	36.201	159.9	0.2
71.649	37.479	33	0.2
69.22	37.328	33	0.2
70.679	36.964	25.6	0.2
80.304	29.349	52.6	0.2
69.237	37.745	33	0.2
99.745	27.054	33	0.2
95.17	25.263	85.8	0.2
86.774	30.985	33	0.2
80.092	31.654	24	0.2
71.061	37.138	19.4	0.2
96.237	26.456	107.1	0.2
71.806	30.726	25.6	0.2
70.555	36.461	208.9	0.2
70.996	38.979	44.8	0.2
79.72	30.08	33	0.2
68.273	37.457	33	0.2
71.261	36.257	126.6	0.2
71.358	36.34	123.5	0.2
72.049	37.387	98.3	0.2
80.536	39.489	10	0.2
71.015	36.603	235	0.2
71.366	37.08	27.5	0.2
71.558	36.352	121.8	0.2
70.682	36.353	214.5	0.2
86.804	32.814	33	0.2
73.533	38.146	120	0.2
87.683	28.317	42.6	0.2
73.971	39.614	33	0.2
99.568	34.029	10	0.2
75.712	39.931	45.7	0.2
70.121	34.619	26.9	0.2
71.64	39.173	29.1	0.2
91.614	34.536	33	0.2
71.5	39.214	33	0.2
79.059	34.695	33	0.2
67.198	30.837	33	0.2
70.645	36.27	154.7	0.2
72.277	37.422	148	0.2
75.283	38.855	33	0.2
77.683	39.833	16.9	0.2
72.026	33.465	33	0.2
72.552	37.976	61.6	0.2
96.888	29.727	33	0.2
96.908	29.67	17.4	0.2
70.141	36.514	216.6	0.2
70.226	38.679	33	0.2
91.293	25.541	33	0.2
74.405	38.849	33	0.2
71.171	36.382	206.6	0.2
95.292	26.029	33	0.2
73.798	34.025	33	0.2
71.045	37.066	55.4	0.2
71.546	36.479	115.8	0.2
77.463	31.532	33	0.2
73.792	37.663	33	0.2
71.541	36.872	33	0.2
88.305	38.77	22	0.2
99.961	38.152	12.8	0.2
92.579	26.619	33	0.2
99.043	29.843	33	0.2
75.712	33.331	51.1	0.2
73.661	35.771	33	0.2
71.048	36.543	170.3	0.2
82.944	28.138	66.8	0.2
79.117	30.336	18.7	0.2
77.438	31.573	33	0.2
70.422	37.604	33	0.2
71.141	36.653	202	0.2
68.682	31.379	33	0.2
71.902	37.552	33	0.2
72.347	37.677	150	0.2
70.582	29.884	33	0.2
75.715	33.414	67.9	0.2
71.16	36.403	235.9	0.2
71.832	39.215	33	0.2
71.587	35.329	33	0.2
86.327	30.921	10	0.2
86.289	30.733	10	0.2
86.233	30.632	10	0.2
71.366	38.87	33	0.2
71.426	39.031	51.2	0.2
96.758	27.562	41.6	0.2
71.89	36.745	33	0.2
70.352	36.381	206.7	0.2
92.405	26.521	33	0.2
71.759	37.139	33	0.2
72.131	37.635	33	0.2
86.385	30.823	12	0.2
67.495	30.534	12.3	0.2
72.107	37.653	33	0.2
94.027	32.53	32.5	0.2
70.829	38.795	33	0.2
72.488	37.768	91.8	0.2
79.791	29.741	33	0.2
71.999	37.381	107.9	0.2
71.394	36.77	189.5	0.2
70.902	34.87	33	0.2
70.671	36.409	201.6	0.2
92.673	26.645	45.9	0.2
74.76	39.375	17.3	0.2
92.755	27.187	33	0.2
99.165	29.881	29.6	0.2
73.822	35.555	33	0.2
99.082	29.811	28.6	0.2
86.941	33.726	33	0.2
71.092	37.786	33	0.2
72.133	37.384	33	0.2
72.663	37.871	70.8	0.2
69.241	37.591	31.4	0.2
71.689	37.233	33	0.2
72.828	37.213	33	0.2
72.924	37.194	32.9	0.2
70.578	36.452	204.6	0.2
70.338	35.912	33	0.2
70.705	35.872	109	0.2
70.42	36.234	190.6	0.2
72.861	37.11	57.3	0.2
92.802	32.434	12.9	0.2
70.396	36.463	203.9	0.2
73.46	37.638	33	0.2
71.594	36.688	33	0.2
73.113	37.087	73.6	0.2
72.954	37.222	86.6	0.2
95.522	26.6	82.3	0.2
83.343	28.458	33	0.2
73.368	37.995	33	0.2
92.77	32.395	33	0.2
